ConsecDownDaysMR T1 -- 1d+2h+4h
Grid: 540  Viable: 40  Stable: 31

EMA200 no_filter avg_r: 0.1746R (24 combos)
EMA200 ema_filter avg_r: 0.2447R (16 combos)

Top 20 stable combos:
timeframe        filter_mode  consec_n  hold_bars  atr_mult  num_trades  win_rate  avg_r  profit_factor  max_dd_r  stability  total_r
       1d ema200_price_above         5         20       2.0         179    0.5140 0.4696         2.3077      6.29        1.0    84.05
       1d ema200_price_above         5         25       3.0         174    0.5287 0.4315         2.5001      3.73        1.0    75.09
       1d               none         6         20       2.0         428    0.5000 0.4179         2.0495     12.48        1.0   178.88
       1d               none         6         25       3.0         410    0.5366 0.3590         2.1546      6.60        1.0   147.19
       1d ema200_price_above         5         15       2.0         187    0.5615 0.3371         2.0515      5.52        1.0    63.03
       1d ema200_price_above         5         25       4.0         173    0.5376 0.3210         2.4432      3.02        1.0    55.54
       1d ema200_price_above         5         20       3.0         177    0.5480 0.3058         2.2144      4.33        1.0    54.13
       1d               none         6         20       3.0         416    0.5481 0.2880         2.0060      6.73        1.0   119.82
       1d ema200_price_above         5         10       2.0         191    0.5969 0.2869         2.2115      4.52        1.0    54.79
       1d               none         6         25       4.0         409    0.5623 0.2798         2.1776      5.06        1.0   114.43
       1d ema200_price_above         5         20       4.0         176    0.5568 0.2324         2.2298      3.18        1.0    40.91
       1d ema200_price_above         4         20       3.0         416    0.5120 0.2207         1.7545      7.71        1.0    91.80
       1d               none         6         20       4.0         414    0.5628 0.2172         1.9867      5.61        1.0    89.91
       1d ema200_price_above         5         15       3.0         186    0.5645 0.2139         1.9589      4.26        1.0    39.78
       1d               none         5         25       4.0         816    0.5025 0.1911         1.7972      5.74        1.0   155.95
       1d ema200_price_above         5         10       3.0         191    0.6073 0.1838         2.1033      3.44        1.0    35.10
       1d ema200_price_above         4         20       4.0         414    0.5217 0.1726         1.7892      5.50        1.0    71.46
       1d ema200_price_above         5         15       4.0         185    0.5730 0.1702         2.0631      3.43        1.0    31.49
       1d ema200_price_above         5          5       2.0         198    0.6616 0.1574         2.0786      3.15        1.0    31.16
       1d ema200_price_above         5         10       4.0         190    0.6105 0.1506         2.3261      3.05        1.0    28.61

avg_r heatmap:
hold_bars     5      10     15     20     25
consec_n                                    
2          0.031  0.066  0.144  0.203  0.257
3          0.021  0.076  0.111  0.190  0.277
4          0.007  0.081  0.148  0.220  0.286
5          0.112  0.207  0.240  0.336  0.473
6          0.110  0.264  0.210  0.341  0.261
7         -0.009 -0.031 -0.161 -0.152 -0.192

T1 GATE: PASS
