==========================================================================
T15 V2: MA Cross Short stability around NEW canonical (20,30,35,0.01%)
==========================================================================

  fast slow  hb   thr%      n     avg_r    2022R   4.2
  10   20    30   0.005    8915  +0.2062   +446.5  fail
  10   20    30   0.010    5707  +0.2655   +417.0  PASS
  10   20    30   0.020     443  +0.2369     +0.1  fail
  10   20    35   0.005    8674  +0.2303   +489.3  fail
  10   20    35   0.010    5560  +0.2955   +468.4  PASS
  10   20    35   0.020     437  +0.1895     -1.2  fail
  10   20    40   0.005    8484  +0.2558   +512.5  PASS
  10   20    40   0.010    5432  +0.3144   +495.6  PASS
  10   20    40   0.020     431  +0.2236     -0.1  fail
  10   30    30   0.005    7525  +0.2210   +393.8  fail
  10   30    30   0.010    4829  +0.2755   +365.8  PASS
  10   30    30   0.020     437  +0.2192     +0.1  fail
  10   30    35   0.005    7383  +0.2624   +435.1  PASS
  10   30    35   0.010    4733  +0.3134   +396.8  PASS
  10   30    35   0.020     431  +0.2184     -0.6  fail
  10   30    40   0.005    7272  +0.2735   +459.1  PASS
  10   30    40   0.010    4659  +0.3265   +430.2  PASS
  10   30    40   0.020     425  +0.2223     +0.3  fail
  10   50    30   0.005    6126  +0.1993   +259.7  fail
  10   50    30   0.010    3935  +0.2395   +232.6  fail
  10   50    30   0.020     363  +0.1998     -0.7  fail
  10   50    35   0.005    6063  +0.2324   +278.8  fail
  10   50    35   0.010    3898  +0.2690   +255.6  PASS
  10   50    35   0.020     360  +0.1798     +0.2  fail
  10   50    40   0.005    6010  +0.2550   +287.3  PASS
  10   50    40   0.010    3863  +0.2888   +270.0  PASS
  10   50    40   0.020     360  +0.2146     +1.3  fail
  20   30    30   0.005    5620  +0.2226   +305.3  fail
  20   30    30   0.010    3601  +0.2787   +261.0  PASS
  20   30    30   0.020     307  +0.3428     +0.1  PASS
  20   30    35   0.005    5589  +0.2610   +352.0  PASS
  20   30    35   0.010    3572  +0.3145   +307.5  PASS   <-- CANONICAL
  20   30    35   0.020     303  +0.3498     +0.6  PASS
  20   30    40   0.005    5563  +0.2638   +350.5  PASS
  20   30    40   0.010    3559  +0.3167   +310.0  PASS
  20   30    40   0.020     302  +0.3363     +1.5  PASS
  20   50    30   0.005    4614  +0.1902   +209.8  fail
  20   50    30   0.010    2910  +0.2554   +201.6  PASS
  20   50    30   0.020     250  +0.2391     -0.4  fail
  20   50    35   0.005    4606  +0.2082   +209.0  fail
  20   50    35   0.010    2904  +0.2604   +202.6  PASS
  20   50    35   0.020     249  +0.2392     -0.1  fail
  20   50    40   0.005    4589  +0.2211   +197.6  fail
  20   50    40   0.010    2895  +0.2738   +195.8  PASS
  20   50    40   0.020     249  +0.2473     +0.9  fail
  30   50    30   0.005    3919  +0.1702   +213.9  fail
  30   50    30   0.010    2487  +0.1933   +185.2  fail
  30   50    30   0.020     213  +0.1386     +3.2  fail
  30   50    35   0.005    3913  +0.1806   +217.5  fail
  30   50    35   0.010    2481  +0.1866   +189.5  fail
  30   50    35   0.020     213  +0.0920     +3.2  fail
  30   50    40   0.005    3903  +0.1945   +205.7  fail
  30   50    40   0.010    2476  +0.1998   +174.4  fail
  30   50    40   0.020     213  +0.0916     +4.6  fail

--- Adjacent zone ---
  fast=10      n= 4733  avg_r=+0.3134R  [PASS]
  slow=50      n= 2904  avg_r=+0.2604R  [PASS]
  hb=30      n= 3601  avg_r=+0.2787R  [PASS]
  hb=40      n= 3559  avg_r=+0.3167R  [PASS]
  thr=0.005%  n= 5589  avg_r=+0.2610R  [PASS]
  thr=0.020%  n=  303  avg_r=+0.3498R  [PASS]

  Canonical: avg_r=+0.3145R [PASS]
  Zone: 7/7 = 100%  (gate >= 67%)  [PASS]

  Within design level (thr=0.01%): 78% of 18 combos pass 4.2 (System 7 precedent: 74%)
  Profitability (avg_r>0) across full grid: 100%