==========================================================================
T15 PARAMETER STABILITY: MA Cross Short 4H
Canonical: fast=20 slow=50 hb=30 thr=0.01%  |  4.2 floor 0.25R
==========================================================================

  fast slow  hb   thr%      n     avg_r    2022R   4.2
  10   30    25   0.005    7631  +0.2097   +328.9  fail
  10   30    25   0.010    4888  +0.2553   +294.9  PASS
  10   30    25   0.020     440  +0.2071     -0.2  fail
  10   30    30   0.005    7525  +0.2210   +393.8  fail
  10   30    30   0.010    4829  +0.2755   +365.8  PASS
  10   30    30   0.020     437  +0.2192     +0.1  fail
  10   30    35   0.005    7383  +0.2624   +435.1  PASS
  10   30    35   0.010    4733  +0.3134   +396.8  PASS
  10   30    35   0.020     431  +0.2184     -0.6  fail
  10   50    25   0.005    6182  +0.1814   +209.7  fail
  10   50    25   0.010    3972  +0.2211   +191.4  fail
  10   50    25   0.020     363  +0.1887     -1.0  fail
  10   50    30   0.005    6126  +0.1993   +259.7  fail
  10   50    30   0.010    3935  +0.2395   +232.6  fail
  10   50    30   0.020     363  +0.1998     -0.7  fail
  10   50    35   0.005    6063  +0.2324   +278.8  fail
  10   50    35   0.010    3898  +0.2690   +255.6  PASS
  10   50    35   0.020     360  +0.1798     +0.2  fail
  10   100   25   0.005    4738  +0.1593   +206.4  fail
  10   100   25   0.010    3147  +0.1810   +191.8  fail
  10   100   25   0.020     321  +0.1690     -1.0  fail
  10   100   30   0.005    4720  +0.1761   +248.6  fail
  10   100   30   0.010    3134  +0.1986   +230.3  fail
  10   100   30   0.020     320  +0.1786     +0.8  fail
  10   100   35   0.005    4698  +0.2010   +265.3  fail
  10   100   35   0.010    3115  +0.2246   +247.2  fail
  10   100   35   0.020     317  +0.1227     -0.0  fail
  20   30    25   0.005    5639  +0.2056   +249.1  fail
  20   30    25   0.010    3610  +0.2659   +208.8  PASS
  20   30    25   0.020     307  +0.3857     -0.4  PASS
  20   30    30   0.005    5620  +0.2226   +305.3  fail
  20   30    30   0.010    3601  +0.2787   +261.0  PASS
  20   30    30   0.020     307  +0.3428     +0.1  PASS
  20   30    35   0.005    5589  +0.2610   +352.0  PASS
  20   30    35   0.010    3572  +0.3145   +307.5  PASS
  20   30    35   0.020     303  +0.3498     +0.6  PASS
  20   50    25   0.005    4619  +0.1708   +161.6  fail
  20   50    25   0.010    2913  +0.2287   +159.7  fail
  20   50    25   0.020     250  +0.2407     -1.9  fail
  20   50    30   0.005    4614  +0.1902   +209.8  fail
  20   50    30   0.010    2910  +0.2554   +201.6  PASS   <-- CANONICAL
  20   50    30   0.020     250  +0.2391     -0.4  fail
  20   50    35   0.005    4606  +0.2082   +209.0  fail
  20   50    35   0.010    2904  +0.2604   +202.6  PASS
  20   50    35   0.020     249  +0.2392     -0.1  fail
  20   100   25   0.005    3667  +0.1218   +168.4  fail
  20   100   25   0.010    2412  +0.1556   +159.5  fail
  20   100   25   0.020     220  -0.0831     -0.5  fail
  20   100   30   0.005    3664  +0.1227   +186.5  fail
  20   100   30   0.010    2411  +0.1455   +173.7  fail
  20   100   30   0.020     219  -0.1492     -0.0  fail
  20   100   35   0.005    3661  +0.1366   +190.4  fail
  20   100   35   0.010    2409  +0.1573   +177.9  fail
  20   100   35   0.020     219  -0.1435     +0.1  fail
  30   50    25   0.005    3924  +0.1493   +163.7  fail
  30   50    25   0.010    2490  +0.1702   +141.4  fail
  30   50    25   0.020     213  +0.1749     +4.2  fail
  30   50    30   0.005    3919  +0.1702   +213.9  fail
  30   50    30   0.010    2487  +0.1933   +185.2  fail
  30   50    30   0.020     213  +0.1386     +3.2  fail
  30   50    35   0.005    3913  +0.1806   +217.5  fail
  30   50    35   0.010    2481  +0.1866   +189.5  fail
  30   50    35   0.020     213  +0.0920     +3.2  fail
  30   100   25   0.005    3045  +0.1447   +118.4  fail
  30   100   25   0.010    2031  +0.1565   +115.2  fail
  30   100   25   0.020     174  -0.0204     +4.0  fail
  30   100   30   0.005    3042  +0.1425   +140.6  fail
  30   100   30   0.010    2029  +0.1546   +137.2  fail
  30   100   30   0.020     174  -0.0900     +3.3  fail
  30   100   35   0.005    3040  +0.1578   +145.6  fail
  30   100   35   0.010    2028  +0.1519   +141.5  fail
  30   100   35   0.020     174  -0.1494     +3.0  fail

--- Adjacent zone (one-step from canonical) ---
  fast=10      n= 3935  avg_r=+0.2395R  [fail]
  fast=30      n= 2487  avg_r=+0.1933R  [fail]
  slow=30      n= 3601  avg_r=+0.2787R  [PASS]
  slow=100     n= 2411  avg_r=+0.1455R  [fail]
  hb=25      n= 2913  avg_r=+0.2287R  [fail]
  hb=35      n= 2904  avg_r=+0.2604R  [PASS]
  thr=0.005%  n= 4614  avg_r=+0.1902R  [fail]
  thr=0.020%  n=  250  avg_r=+0.2391R  [fail]

  Canonical: avg_r=+0.2554R [PASS]
  Zone: 3/9 pass 4.2 = 33%  (gate >= 67%)  [FAIL]

--- Funding threshold dependence ---
  At canonical fast/slow/hb, avg_r by threshold:
    thr=0.005%: n= 4614  avg_r=+0.1902R
    thr=0.010%: n= 2910  avg_r=+0.2554R
    thr=0.020%: n=  250  avg_r=+0.2391R
  At LOWEST threshold (0.005%), 8% of all combos pass 4.2
  -> if edge survives at 0.005% across fast/slow/hb, the MA cross signal
     contributes structure beyond the funding gate alone