funding_time,funding_rate
1709308800000,0.00042852
1709323200000,0.0005337
1709337600000,0.00059099
1709352000001,0.00080064
1709366400001,0.00053954
1709380800000,0.00060575
1709395200000,0.00048124
1709409600000,0.00059381
1709424000000,0.00106846
1709438400000,0.00062271
1709452800000,0.00101288
1709467200000,0.00071053
1709481600000,0.00028995
1709496000000,0.00079913
1709510400000,0.00067484
1709524800001,0.00074732
1709539200000,0.0004421
1709553600000,0.0008134
1709568000000,0.00038688
1709582400000,0.00058123
1709596800000,0.0002435
1709611200000,0.00061918
1709625600000,0.00051546
1709640000000,0.00063224
1709654400000,0.00039126
1709668800000,0.00028583
1709683200000,0.00018565
1709697600000,5e-05
1709712000001,0.00027012
1709726400000,6.112e-05
1709740800000,0.00025421
1709755200000,0.0003056
1709769600000,7.157e-05
1709784000000,0.00035644
1709798400000,0.00031544
1709812800001,0.00017787
1709827200000,0.00038917
1709841600000,0.00036287
1709856000000,0.00060031
1709870400000,0.00036617
1709884800000,0.00044242
1709899200000,0.00046297
1709913600000,0.00029866
1709928000000,0.00024116
1709942400000,0.00038674
1709956800000,0.00066379
1709971200001,0.00067852
1709985600001,0.00074046
1710000000000,0.00049692
1710014400000,0.00068622
1710028800000,0.00082199
1710043200000,0.00054526
1710057600000,0.00103663
1710072000000,0.00049915
1710086400000,0.0003973
1710100800000,0.00023027
1710115200000,0.00050417
1710129600000,0.00022545
1710144000000,0.00026946
1710158400000,0.00049048
1710172800000,6.499e-05
1710187200001,0.00040842
1710201600000,0.00067175
1710216000000,0.00054394
1710230400000,0.00011433
1710244800000,8.673e-05
1710259200000,0.00029943
1710273600000,0.00012874
1710288000000,0.00033759
1710302400000,0.00021784
1710316800001,0.00039964
1710331200000,0.00035829
1710345600000,0.00039783
1710360000000,0.00053994
1710374400001,0.00061737
1710388800000,0.0005887
1710403200000,0.00079569
1710417600000,0.00061422
1710432000000,0.00037336
1710446400001,0.00036801
1710460800000,0.00070682
1710475200000,0.00021113
1710489600000,0.00027049
1710504000000,5e-05
1710518400000,0.00016383
1710532800000,0.00011539
1710547200000,0.00014335
1710561600000,0.0002357
1710576000000,0.00027404
1710590400000,5e-05
1710604800000,0.00014089
1710619200000,5e-05
1710633600000,5e-05
1710648000000,0.00026003
1710662400000,5e-05
1710676800000,8.303e-05
1710691200000,0.00020512
1710705600000,0.00022182
1710720000000,0.00016652
1710734400001,0.00018039
1710748800000,6.983e-05
1710763200000,0.00014597
1710777600001,9.539e-05
1710792000001,5e-05
1710806400000,0.00018673
1710820800000,5e-05
1710835200000,0.00014432
1710849600000,8.115e-05
1710864000001,0.00019968
1710878400000,5e-05
1710892800000,5e-05
1710907200000,6.032e-05
1710921600004,0.00025801
1710936000001,5.945e-05
1710950400000,5e-05
1710964800000,5e-05
1710979200000,5e-05
1710993600000,0.00015473
1711008000000,5e-05
1711022400013,5e-05
1711036800000,5e-05
1711051200000,5e-05
1711065600000,5e-05
1711080000000,9.226e-05
1711094400000,5e-05
1711108800000,0.00018766
1711123200000,0.00010505
1711137600000,0.00012933
1711152000000,8.943e-05
1711166400000,8.253e-05
1711180800000,0.00028613
1711195200000,8.415e-05
1711209600000,0.00011164
1711224000000,5e-05
1711238400000,7.414e-05
1711252800001,5e-05
1711267200000,5e-05
1711281600000,0.00023729
1711296000000,8.44e-05
1711310400000,0.00020815
1711324800000,9.671e-05
1711339200000,0.00026012
1711353600001,5e-05
1711368000000,5.465e-05
1711382400000,0.00014639
1711396800000,5e-05
1711411200000,0.00026345
1711425600000,0.00022044
1711440000000,9.5e-05
1711454400000,0.00021529
1711468800000,0.00018574
1711483200000,0.00045752
1711497600000,0.00042509
1711512000000,0.00023268
1711526400001,0.00028546
1711540800001,0.00040586
1711555200000,0.00021651
1711569600000,0.0002069
1711584000000,0.00024719
1711598400000,5e-05
1711612800000,9.8e-05
1711627200000,0.00010593
1711641600000,0.00013284
1711656000000,0.0002108
1711670400000,0.0002917
1711684800000,0.00025461
1711699200000,0.00028443
1711713600000,0.00024227
1711728000000,0.00014351
1711742400000,0.00052796
1711756800000,0.00043387
1711771200000,0.00042595
1711785600000,0.00010756
1711800000001,0.00050173
1711814400000,0.00033724
1711828800000,0.00054908
1711843200000,0.00036869
1711857600000,0.00024278
1711872000000,0.00027086
1711886400000,0.00022331
1711900800001,0.0001966
1711915200000,0.00046145
1711929600000,0.00049375
1711944000000,0.00012498
1711958400000,0.00015767
1711972800000,5e-05
1711987200000,5e-05
1712001600000,0.00026439
1712016000007,9.213e-05
1712030400000,5e-05
1712044800015,5e-05
1712059200000,5e-05
1712073600000,5e-05
1712088000000,5e-05
1712102400000,5e-05
1712116800000,5e-05
1712131200000,5e-05
1712145600000,5e-05
1712160000000,5e-05
1712174400000,5e-05
1712188800000,5e-05
1712203200000,5e-05
1712217600000,0.00020635
1712232000000,0.00019073
1712246400000,5e-05
1712260800000,5e-05
1712275200000,9.815e-05
1712289600000,0.00010956
1712304000000,0.00017331
1712318400000,5e-05
1712332800000,5e-05
1712347200000,5e-05
1712361600000,5e-05
1712376000000,5e-05
1712390400000,5e-05
1712404800000,5e-05
1712419200000,5e-05
1712433600000,5e-05
1712448000000,5e-05
1712462400000,0.00016285
1712476800000,5e-05
1712491200001,5e-05
1712505600000,5e-05
1712520000000,5e-05
1712534400001,0.00023404
1712548800000,5e-05
1712563200000,5e-05
1712577600000,5e-05
1712592000006,0.000177
1712606400001,5e-05
1712620800000,5e-05
1712635200000,5e-05
1712649600001,5e-05
1712664000000,5e-05
1712678400001,5e-05
1712692800000,0.00012215
1712707200000,5e-05
1712721600000,5e-05
1712736000001,5e-05
1712750400002,5e-05
1712764800000,5e-05
1712779200000,6.843e-05
1712793600000,0.00018256
1712808000001,5e-05
1712822400000,0.00022205
1712836800000,5e-05
1712851200000,5e-05
1712865600000,5e-05
1712880000000,5e-05
1712894400000,0.00014271
1712908800001,5e-05
1712923200000,0.00022223
1712937600000,5e-05
1712952000000,-0.00049085
1712966400000,5e-05
1712980800000,-0.00012782
1712995200000,5e-05
1713009600000,5e-05
1713024000001,5e-05
1713038400001,5e-05
1713052800000,5e-05
1713067200000,5e-05
1713081600000,5e-05
1713096000000,5e-05
1713110400000,5e-05
1713124800000,-3.254e-05
1713139200000,5e-05
1713153600000,5e-05
1713168000001,5e-05
1713182400000,5e-05
1713196800000,5e-05
1713211200000,5e-05
1713225600001,5e-05
1713240000000,5e-05
1713254400000,5e-05
1713268800000,5e-05
1713283200000,5e-05
1713297600000,-7.476e-05
1713312000000,5e-05
1713326400001,5e-05
1713340800000,-0.00021598
1713355200000,-5.655e-05
1713369600000,5e-05
1713384000000,5e-05
1713398400000,5e-05
1713412800000,5e-05
1713427200000,5e-05
1713441600002,5e-05
1713456000000,5e-05
1713470400000,5e-05
1713484800001,-0.00016581
1713499200000,5e-05
1713513600000,5e-05
1713528000001,5e-05
1713542400000,5e-05
1713556800000,5e-05
1713571200000,-1.606e-05
1713585600001,5e-05
1713600000000,5e-05
1713614400001,5e-05
1713628800000,5e-05
1713643200001,5e-05
1713657600000,5e-05
1713672000000,5e-05
1713686400000,5e-05
1713700800000,5e-05
1713715200000,5e-05
1713729600000,5e-05
1713744000000,5e-05
1713758400000,5e-05
1713772800000,5e-05
1713787200000,5e-05
1713801600000,5e-05
1713816000000,5e-05
1713830400000,5e-05
1713844800000,5e-05
1713859200000,-9.113e-05
1713873600000,5e-05
1713888000001,5e-05
1713902400000,5e-05
1713916800000,5e-05
1713931200000,5e-05
1713945600000,5e-05
1713960000000,5e-05
1713974400000,5e-05
1713988800000,5e-05
1714003200000,5e-05
1714017600000,1.224e-05
1714032000000,-9.29e-06
1714046400000,5e-05
1714060800010,4.41e-05
1714075200000,4.54e-06
1714089600001,5e-05
1714104000000,-0.00014672
1714118400000,-0.00026619
1714132800000,-0.00029395
1714147200000,-0.00051776
1714161600000,2.439e-05
1714176000000,-0.00012833
1714190400000,3.51e-05
1714204800001,-6.363e-05
1714219200000,5e-05
1714233600000,5e-05
1714248000000,5e-05
1714262400000,-6.399e-05
1714276800000,5e-05
1714291200000,5e-05
1714305600000,-5.501e-05
1714320000000,5e-05
1714334400000,5e-05
1714348800000,5e-05
1714363200000,5e-05
1714377600000,5e-05
1714392000000,5e-05
1714406400000,-5.504e-05
1714420800000,5e-05
1714435200000,5e-05
1714449600000,5e-05
1714464000000,5e-05
1714478400000,5e-05
1714492800000,5e-05
1714507200000,5e-05
1714521600000,4.156e-05
1714536000000,5e-05
1714550400000,5e-05
1714564800000,-0.00010037
1714579200000,-0.00016491
1714593600000,5e-05
1714608000000,5e-05
1714622400000,-0.00053445
1714636800000,-0.00070891
1714651200000,5e-05
1714665600002,-8.485e-05
1714680000000,5e-05
1714694400000,5e-05
1714708800000,-2.062e-05
1714723200000,5e-05
1714737600000,5e-05
1714752000000,3.182e-05
1714766400000,5e-05
1714780800000,5e-05
1714795200000,5e-05
1714809600000,5e-05
1714824000000,5e-05
1714838400000,5e-05
1714852800000,5e-05
1714867200000,5e-05
1714881600000,5e-05
1714896000000,5e-05
1714910400000,5e-05
1714924800000,5e-05
1714939200000,5e-05
1714953600000,-0.00033
1714968000002,5e-05
1714982400000,5e-05
1714996800000,5e-05
1715011200000,5e-05
1715025600000,5e-05
1715040000000,5e-05
1715054400000,5e-05
1715068800000,5e-05
1715083200000,5e-05
1715097600000,5e-05
1715112000000,5e-05
1715126400000,5e-05
1715140800000,5e-05
1715155200000,5e-05
1715169600000,5e-05
1715184000000,5e-05
1715198400001,5e-05
1715212800000,5e-05
1715227200000,5e-05
1715241600000,4.785e-05
1715256000000,5e-05
1715270400000,5e-05
1715284800000,3.579e-05
1715299200000,5e-05
1715313600001,5e-05
1715328000000,5e-05
1715342400001,5e-05
1715356800000,5e-05
1715371200000,5e-05
1715385600000,5e-05
1715400000000,5e-05
1715414400000,5e-05
1715428800000,5e-05
1715443200000,5e-05
1715457600000,5e-05
1715472000000,-7.048e-05
1715486400001,5e-05
1715500800000,5e-05
1715515200001,5e-05
1715529600000,5e-05
1715544000000,5e-05
1715558400001,5e-05
1715572800000,5e-05
1715587200001,5e-05
1715601600000,5e-05
1715616000000,5e-05
1715630400000,5e-05
1715644800000,5e-05
1715659200000,5e-05
1715673600000,5e-05
1715688000000,5e-05
1715702400000,5e-05
1715716800000,5e-05
1715731200000,5e-05
1715745600000,5e-05
1715760000000,5e-05
1715774400000,5e-05
1715788800000,5e-05
1715803200000,5e-05
1715817600004,5e-05
1715832000000,5e-05
1715846400000,5e-05
1715860800000,5e-05
1715875200000,5e-05
1715889600000,5e-05
1715904000000,5e-05
1715918400002,5e-05
1715932800000,5e-05
1715947200000,5e-05
1715961600000,5e-05
1715976000000,5e-05
1715990400000,5e-05
1716004800000,5e-05
1716019200000,5e-05
1716033600000,-1.697e-05
1716048000000,5e-05
1716062400000,5e-05
1716076800000,5e-05
1716091200000,5e-05
1716105600000,5e-05
1716120000000,5e-05
1716134400000,5e-05
1716148800001,5e-05
1716163200000,5e-05
1716177600000,5e-05
1716192000000,5e-05
1716206400001,5e-05
1716220800003,5e-05
1716235200004,1.798e-05
1716249600000,5e-05
1716264000000,5e-05
1716278400001,5e-05
1716292800001,5e-05
1716307200000,5e-05
1716321600000,5e-05
1716336000000,5e-05
1716350400000,5e-05
1716364800000,5e-05
1716379200000,5e-05
1716393600000,5e-05
1716408000000,5e-05
1716422400000,5e-05
1716436800000,5e-05
1716451200000,5e-05
1716465600000,5e-05
1716480000000,5e-05
1716494400000,5e-05
1716508800000,5e-05
1716523200000,5e-05
1716537600000,5e-05
1716552000000,5e-05
1716566400000,5e-05
1716580800000,5e-05
1716595200000,5e-05
1716609600000,5e-05
1716624000000,5e-05
1716638400001,5e-05
1716652800000,5e-05
1716667200006,5e-05
1716681600000,6.471e-05
1716696000000,5e-05
1716710400000,5e-05
1716724800000,5e-05
1716739200000,5e-05
1716753600000,5e-05
1716768000000,0.00011122
1716782400000,5e-05
1716796800000,5e-05
1716811200000,5e-05
1716825600000,5e-05
1716840000000,5e-05
1716854400000,5e-05
1716868800000,9.903e-05
1716883200000,5e-05
1716897600000,5e-05
1716912000000,5e-05
1716926400000,5e-05
1716940800001,5e-05
1716955200000,5e-05
1716969600000,5e-05
1716984000000,5e-05
1716998400000,5e-05
1717012800000,5e-05
1717027200000,5e-05
1717041600000,5e-05
1717056000000,5e-05
1717070400001,5e-05
1717084800000,5e-05
1717099200001,5e-05
1717113600000,5e-05
1717128000000,5e-05
1717142400000,5e-05
1717156800001,5e-05
1717171200000,5e-05
1717185600000,5e-05
1717200000000,5e-05
1717214400000,5e-05
1717228800000,5e-05
1717243200000,5.011e-05
1717257600001,5e-05
1717272000000,0.00035759
1717286400000,5e-05
1717300800000,0.00022492
1717315200000,5e-05
1717329600000,5e-05
1717344000000,5e-05
1717358400001,5e-05
1717372800000,5e-05
1717387200000,5e-05
1717401600000,5e-05
1717416000000,5e-05
1717430400000,5e-05
1717444800000,5e-05
1717459200000,5e-05
1717473600000,5e-05
1717488000000,5e-05
1717502400001,5e-05
1717516800000,5e-05
1717531200000,5e-05
1717545600000,6.693e-05
1717560000000,0.00012263
1717574400000,5e-05
1717588800001,5e-05
1717603200000,5e-05
1717617600000,5e-05
1717632000000,5e-05
1717646400000,7.573e-05
1717660800008,5e-05
1717675200000,0.00011992
1717689600000,5e-05
1717704000000,5e-05
1717718400000,0.00016124
1717732800002,0.00011845
1717747200000,5e-05
1717761600000,0.00017745
1717776000000,5e-05
1717790400000,5e-05
1717804800000,5e-05
1717819200000,5e-05
1717833600000,5e-05
1717848000000,5e-05
1717862400000,5e-05
1717876800000,5e-05
1717891200000,5e-05
1717905600000,5e-05
1717920000000,5e-05
1717934400000,5e-05
1717948800001,5e-05
1717963200000,5e-05
1717977600000,5e-05
1717992000000,5e-05
1718006400000,5e-05
1718020800000,5e-05
1718035200001,5e-05
1718049600000,5e-05
1718064000001,5e-05
1718078400000,5e-05
1718092800000,5e-05
1718107200001,5e-05
1718121600000,5e-05
1718136000000,5e-05
1718150400000,5e-05
1718164800000,5e-05
1718179200000,5e-05
1718193600001,5e-05
1718208000000,5e-05
1718222400000,5e-05
1718236800000,5e-05
1718251200000,5e-05
1718265600001,5e-05
1718280000000,5e-05
1718294400000,5e-05
1718308800000,5e-05
1718323200000,5e-05
1718337600000,5e-05
1718352000000,5e-05
1718366400001,3.01e-06
1718380800000,5e-05
1718395200000,5e-05
1718409600000,5e-05
1718424000000,5e-05
1718438400000,5e-05
1718452800000,5e-05
1718467200000,5e-05
1718481600000,5e-05
1718496000001,5e-05
1718510400000,5e-05
1718524800000,5e-05
1718539200000,5e-05
1718553600000,5e-05
1718568000000,5e-05
1718582400000,5e-05
1718596800000,5e-05
1718611200000,5e-05
1718625600000,5e-05
1718640000000,5e-05
1718654400000,5e-05
1718668800000,5e-05
1718683200000,5e-05
1718697600000,5e-05
1718712000000,5e-05
1718726400000,5e-05
1718740800000,5e-05
1718755200001,5e-05
1718769600000,5e-05
1718784000001,5e-05
1718798400000,5e-05
1718812800000,5e-05
1718827200000,5.96e-06
1718841600000,5e-05
1718856000001,5e-05
1718870400000,5e-05
1718884800000,5e-05
1718899200000,5e-05
1718913600000,5e-05
1718928000000,5e-05
1718942400001,5e-05
1718956800000,5e-05
1718971200001,5e-05
1718985600000,5e-05
1719000000000,5e-05
1719014400000,5e-05
1719028800000,5e-05
1719043200000,5e-05
1719057600001,-8.274e-05
1719072000000,5e-05
1719086400000,5e-05
1719100800000,5e-05
1719115200000,5e-05
1719129600000,5e-05
1719144000000,5e-05
1719158400000,5e-05
1719172800000,5e-05
1719187200002,5e-05
1719201600000,5e-05
1719216000000,5e-05
1719230400001,5e-05
1719244800000,5e-05
1719259200000,5e-05
1719273600000,5e-05
1719288000000,5e-05
1719302400000,5e-05
1719316800007,5e-05
1719331200000,5e-05
1719345600004,5e-05
1719360000002,5e-05
1719374400000,5e-05
1719388800000,5e-05
1719403200002,5e-05
1719417600000,5e-05
1719432000000,5e-05
1719446400000,-5.713e-05
1719460800000,5e-05
1719475200001,5e-05
1719489600000,5e-05
1719504000000,5e-05
1719518400000,5e-05
1719532800000,5e-05
1719547200000,5e-05
1719561600000,5e-05
1719576000000,5e-05
1719590400000,5e-05
1719604800000,5e-05
1719619200001,5e-05
1719633600000,5e-05
1719648000000,5e-05
1719662400000,5e-05
1719676800000,5e-05
1719691200000,-2.44e-06
1719705600000,5e-05
1719720000000,5e-05
1719734400000,5e-05
1719748800000,5e-05
1719763200000,5e-05
1719777600004,-1.864e-05
1719792000000,5e-05
1719806400001,-4.198e-05
1719820800000,1.27e-05
1719835200000,5e-05
1719849600001,5e-05
1719864000000,1.464e-05
1719878400000,4.568e-05
1719892800001,5e-05
1719907200000,5e-05
1719921600000,5e-05
1719936000000,5e-05
1719950400000,5e-05
1719964800000,5e-05
1719979200000,5e-05
1719993600001,5e-05
1720008000001,5e-05
1720022400000,5e-05
1720036800000,5e-05
1720051200000,5e-05
1720065600000,5e-05
1720080000000,5e-05
1720094400000,5e-05
1720108800000,5e-05
1720123200000,3.66e-05
1720137600000,5e-05
1720152000000,1.94e-05
1720166400000,-6.367e-05
1720180800001,-0.00016393
1720195200000,4.834e-05
1720209600001,-0.00013997
1720224000000,-0.0001536
1720238400003,5e-05
1720252800000,2.345e-05
1720267200000,5e-05
1720281600000,2.11e-05
1720296000000,5e-05
1720310400001,5e-05
1720324800000,5e-05
1720339200000,5e-05
1720353600000,5e-05
1720368000000,5e-05
1720382400000,5e-05
1720396800000,5e-05
1720411200000,5e-05
1720425600000,5e-05
1720440000000,8.78e-06
1720454400000,5e-05
1720468800000,5e-05
1720483200000,5e-05
1720497600000,2.526e-05
1720512000001,-4.292e-05
1720526400000,4.137e-05
1720540800000,5e-05
1720555200000,5e-05
1720569600000,5e-05
1720584000000,5e-05
1720598400000,2.225e-05
1720612800000,5e-05
1720627200000,5e-05
1720641600002,5e-05
1720656000002,5e-05
1720670400000,5e-05
1720684800002,5e-05
1720699200000,5e-05
1720713600004,5e-05
1720728000000,5e-05
1720742400000,5e-05
1720756800003,5e-05
1720771200000,5e-05
1720785600000,5e-05
1720800000000,5e-05
1720814400000,5e-05
1720828800000,5e-05
1720843200001,5e-05
1720857600000,4.558e-05
1720872000000,5e-05
1720886400000,4.693e-05
1720900800000,5e-05
1720915200000,5e-05
1720929600001,5e-05
1720944000000,5e-05
1720958400000,5e-05
1720972800000,5e-05
1720987200000,5e-05
1721001600000,5e-05
1721016000000,5e-05
1721030400000,-5.27e-06
1721044800000,-8.07e-06
1721059200000,-3.583e-05
1721073600000,-0.00014258
1721088000000,4.924e-05
1721102400001,-6.42e-06
1721116800000,-9.459e-05
1721131200000,-8.91e-06
1721145600000,5e-05
1721160000000,5e-05
1721174400000,5e-05
1721188800000,5e-05
1721203200001,5e-05
1721217600000,5e-05
1721232000000,5e-05
1721246400000,5e-05
1721260800000,5e-05
1721275200001,5e-05
1721289600000,5e-05
1721304000000,5e-05
1721318400000,5e-05
1721332800000,5e-05
1721347200000,5e-05
1721361600000,5e-05
1721376000000,5e-05
1721390400000,5e-05
1721404800000,5e-05
1721419200000,5e-05
1721433600001,-3.598e-05
1721448000000,5e-05
1721462400000,5e-05
1721476800000,-1.833e-05
1721491200000,5e-05
1721505600000,5e-05
1721520000000,5e-05
1721534400000,5e-05
1721548800000,5e-05
1721563200000,5e-05
1721577600000,5e-05
1721592000000,5e-05
1721606400000,5e-05
1721620800000,5e-05
1721635200000,5e-05
1721649600000,5e-05
1721664000000,5e-05
1721678400000,-0.00010435
1721692800000,5e-05
1721707200000,5e-05
1721721600000,5e-05
1721736000000,5e-05
1721750400000,5e-05
1721764800000,5e-05
1721779200000,5e-05
1721793600000,5e-05
1721808000000,5e-05
1721822400000,5e-05
1721836800000,5e-05
1721851200000,5e-05
1721865600000,5e-05
1721880000000,5e-05
1721894400000,5e-05
1721908800001,5e-05
1721923200000,5e-05
1721937600001,5e-05
1721952000000,5e-05
1721966400000,5e-05
1721980800000,3.096e-05
1721995200000,-3.892e-05
1722009600000,5e-05
1722024000000,5e-05
1722038400000,3.281e-05
1722052800000,4.494e-05
1722067200000,5e-05
1722081600000,5e-05
1722096000000,5e-05
1722110400000,5e-05
1722124800000,5e-05
1722139200000,-0.00015051
1722153600000,5e-05
1722168000000,5e-05
1722182400001,5e-05
1722196800000,5e-05
1722211200001,5e-05
1722225600001,5e-05
1722240000000,5e-05
1722254400000,5e-05
1722268800001,5e-05
1722283200000,5e-05
1722297600000,-3.339e-05
1722312000000,5e-05
1722326400001,5e-05
1722340800000,5e-05
1722355200000,5e-05
1722369600000,5e-05
1722384000000,5e-05
1722398400000,5e-05
1722412800000,5e-05
1722427200000,5e-05
1722441600000,5e-05
1722456000000,5e-05
1722470400000,5e-05
1722484800000,5e-05
1722499200000,5e-05
1722513600000,5e-05
1722528000000,-4.952e-05
1722542400001,5e-05
1722556800000,5e-05
1722571200000,5e-05
1722585600001,5e-05
1722600000000,-0.00019726
1722614400000,5e-05
1722628800000,5e-05
1722643200000,5e-05
1722657600000,5e-05
1722672000000,5e-05
1722686400000,5e-05
1722700800001,-7.238e-05
1722715200000,1.141e-05
1722729600000,5e-05
1722744000000,5e-05
1722758400000,-5.632e-05
1722772800000,5e-05
1722787200000,1.335e-05
1722801600000,5e-05
1722816000000,-0.00019718
1722830400000,4.183e-05
1722844800000,5e-05
1722859200000,5e-05
1722873600000,5e-05
1722888000000,-7.282e-05
1722902400000,-1.481e-05
1722916800001,5e-05
1722931200000,5e-05
1722945600000,-1.26e-05
1722960000000,-0.00016602
1722974400000,-0.00021874
1722988800000,5e-05
1723003200000,-0.00013885
1723017600001,-0.00035375
1723032000000,-0.00011357
1723046400000,-1.131e-05
1723060800000,5e-05
1723075200001,-0.00013321
1723089600000,-0.00026611
1723104000000,-8.564e-05
1723118400000,-0.00020457
1723132800000,5e-05
1723147200000,5e-05
1723161600000,5e-05
1723176000000,5e-05
1723190400000,5e-05
1723204800000,-2.566e-05
1723219200000,-0.00019846
1723233600001,-0.0001101
1723248000000,5e-05
1723262400000,-6.64e-06
1723276800000,5e-05
1723291200000,5e-05
1723305600000,5e-05
1723320000001,5e-05
1723334400000,5e-05
1723348800000,5e-05
1723363200000,5e-05
1723377600000,1.28e-05
1723392000001,4.589e-05
1723406400000,-0.00023746
1723420800000,5e-05
1723435200000,5e-05
1723449600000,5e-05
1723464000000,5e-05
1723478400000,5e-05
1723492800000,1.383e-05
1723507200000,5e-05
1723521600001,-0.00017472
1723536000000,9.41e-06
1723550400000,5e-05
1723564800000,5e-05
1723579200000,5e-05
1723593600000,4.756e-05
1723608000000,5e-05
1723622400000,5e-05
1723636800000,5e-05
1723651200000,5e-05
1723665600000,5e-05
1723680000000,5e-05
1723694400000,5e-05
1723708800000,5e-05
1723723200000,-0.00020939
1723737600000,1.068e-05
1723752000000,5e-05
1723766400000,5e-05
1723780800001,-0.00015795
1723795200000,-0.00040431
1723809600000,-0.00032876
1723824000000,-0.0002337
1723838400000,5e-05
1723852800000,-0.00045798
1723867200000,5e-05
1723881600000,-7.156e-05
1723896000000,5e-05
1723910400000,5e-05
1723924800000,-5.3e-05
1723939200000,-0.00011882
1723953600001,-0.00025332
1723968000000,5e-05
1723982400000,5e-05
1723996800000,5e-05
1724011200000,5e-05
1724025600000,5e-05
1724040000000,5e-05
1724054400000,4.715e-05
1724068800000,5e-05
1724083200002,5e-05
1724097600001,5e-05
1724112000000,5e-05
1724126400000,5e-05
1724140800000,-1.684e-05
1724155200000,5e-05
1724169600001,5e-05
1724184000000,5e-05
1724198400001,5e-05
1724212800001,-3.829e-05
1724227200000,-0.00012784
1724241600000,5e-05
1724256000001,5e-05
1724270400001,5e-05
1724284800000,5e-05
1724299200000,5e-05
1724313600000,5e-05
1724328000001,5e-05
1724342400008,5e-05
1724356800000,5e-05
1724371200000,5e-05
1724385600000,5e-05
1724400000000,5e-05
1724414400001,5e-05
1724428800000,5e-05
1724443200000,5e-05
1724457600000,5e-05
1724472000000,5e-05
1724486400005,5e-05
1724500800000,5e-05
1724515200000,5e-05
1724529600000,5e-05
1724544000000,5e-05
1724558400001,5e-05
1724572800000,5e-05
1724587200001,5e-05
1724601600000,5e-05
1724616000001,5e-05
1724630400000,3.79e-06
1724644800000,5e-05
1724659200001,5e-05
1724673600001,5e-05
1724688000000,5e-05
1724702400001,2.146e-05
1724716800001,5e-05
1724731200000,5e-05
1724745600000,5e-05
1724760000000,5e-05
1724774400000,5e-05
1724788800000,5e-05
1724803200000,5e-05
1724817600000,5e-05
1724832000000,-6.372e-05
1724846400000,5e-05
1724860800001,-1.476e-05
1724875200000,5e-05
1724889600000,5e-05
1724904000000,-0.00019736
1724918400001,-1.555e-05
1724932800001,5e-05
1724947200000,4.603e-05
1724961600000,5e-05
1724976000000,5e-05
1724990400000,5e-05
1725004800000,-7.998e-05
1725019200001,-9.669e-05
1725033600000,5e-05
1725048000000,-0.00010129
1725062400000,5e-05
1725076800002,1.348e-05
1725091200000,5e-05
1725105600004,5e-05
1725120000000,5e-05
1725134400001,-0.00026903
1725148800000,5e-05
1725163200000,5e-05
1725177600001,5e-05
1725192000000,5e-05
1725206400000,5e-05
1725220800000,5e-05
1725235200001,5e-05
1725249600001,5e-05
1725264000001,5e-05
1725278400000,5e-05
1725292800000,5e-05
1725307200000,5e-05
1725321600000,-4.474e-05
1725336000000,-4.13e-05
1725350400001,5e-05
1725364800000,5e-05
1725379200000,-1.366e-05
1725393600000,5e-05
1725408000000,5e-05
1725422400000,5e-05
1725436800000,-5.746e-05
1725451200000,6.2e-06
1725465600000,5e-05
1725480000001,-5.832e-05
1725494400000,5e-05
1725508800002,-3.795e-05
1725523200000,5e-05
1725537600000,5e-05
1725552000005,5e-05
1725566400000,-0.00015841
1725580800000,5e-05
1725595200001,-8.053e-05
1725609600001,5e-05
1725624000009,-0.00011833
1725638400000,5e-05
1725652800000,5e-05
1725667200000,4.899e-05
1725681600000,5e-05
1725696000000,5e-05
1725710400000,5e-05
1725724800000,5e-05
1725739200000,5e-05
1725753600000,-0.00015353
1725768000000,5e-05
1725782400000,5e-05
1725796800000,3.241e-05
1725811200000,-4.582e-05
1725825600000,-0.00022985
1725840000000,5e-05
1725854400000,5e-05
1725868800000,5e-05
1725883200000,5e-05
1725897600001,5e-05
1725912000000,5e-05
1725926400000,-5.726e-05
1725940800000,-2.106e-05
1725955200000,5e-05
1725969600000,5e-05
1725984000000,4.76e-06
1725998400000,5e-05
1726012800000,5e-05
1726027200000,5e-05
1726041600000,5e-05
1726056000000,5e-05
1726070400000,5e-05
1726084800000,5e-05
1726099200000,5e-05
1726113600001,5e-05
1726128000000,5e-05
1726142400000,5e-05
1726156800000,-3.962e-05
1726171200000,5e-05
1726185600000,5e-05
1726200000000,5e-05
1726214400001,5e-05
1726228800000,5e-05
1726243200001,5e-05
1726257600000,5e-05
1726272000000,-0.0001121
1726286400000,5e-05
1726300800000,5e-05
1726315200000,5e-05
1726329600001,5e-05
1726344000000,5e-05
1726358400000,5e-05
1726372800000,5e-05
1726387200000,5e-05
1726401600000,5e-05
1726416000000,5e-05
1726430400000,5e-05
1726444800000,5e-05
1726459200000,5e-05
1726473600001,5e-05
1726488000000,-7.173e-05
1726502400000,-0.00017414
1726516800000,5e-05
1726531200001,5e-05
1726545600000,5e-05
1726560000000,5e-05
1726574400000,-0.00024283
1726588800000,5e-05
1726603200000,5e-05
1726617600000,5e-05
1726632000000,5e-05
1726646400000,5e-05
1726660800000,5e-05
1726675200004,5e-05
1726689600000,5e-05
1726704000000,5e-05
1726718400000,5e-05
1726732800000,5e-05
1726747200000,5e-05
1726761600001,5e-05
1726776000001,-1.161e-05
1726790400000,5e-05
1726804800000,5e-05
1726819200001,5e-05
1726833600000,5e-05
1726848000000,5e-05
1726862400001,5e-05
1726876800001,5e-05
1726891200000,5e-05
1726905600000,5e-05
1726920000000,5e-05
1726934400000,5e-05
1726948800000,5e-05
1726963200000,5e-05
1726977600000,5e-05
1726992000000,5e-05
1727006400000,5e-05
1727020800000,5e-05
1727035200000,5e-05
1727049600000,5e-05
1727064000000,5e-05
1727078400000,3.628e-05
1727092800001,5e-05
1727107200000,5e-05
1727121600001,5e-05
1727136000000,5e-05
1727150400000,5e-05
1727164800000,5e-05
1727179200001,5e-05
1727193600001,5e-05
1727208000006,5e-05
1727222400000,5e-05
1727236800015,5e-05
1727251200003,5e-05
1727265600002,5e-05
1727280000000,5e-05
1727294400000,5e-05
1727308800005,5e-05
1727323200000,5e-05
1727337600000,5e-05
1727352000005,5e-05
1727366400000,5e-05
1727380800000,5e-05
1727395200000,-9.349e-05
1727409600000,5e-05
1727424000000,5e-05
1727438400000,5e-05
1727452800000,5e-05
1727467200000,5e-05
1727481600000,5e-05
1727496000001,5e-05
1727510400001,5e-05
1727524800000,5e-05
1727539200000,5e-05
1727553600000,5e-05
1727568000001,5e-05
1727582400000,5e-05
1727596800000,5e-05
1727611200000,5e-05
1727625600000,5e-05
1727640000000,5e-05
1727654400000,5e-05
1727668800001,5e-05
1727683200001,5e-05
1727697600000,5e-05
1727712000000,5e-05
1727726400000,5e-05
1727740800000,5e-05
1727755200001,5e-05
1727769600000,5e-05
1727784000000,5e-05
1727798400001,-2.62e-05
1727812800000,5e-05
1727827200000,5e-05
1727841600000,5e-05
1727856000000,-8.589e-05
1727870400000,5e-05
1727884800000,5e-05
1727899200000,5e-05
1727913600000,-0.00014143
1727928000000,-0.00010553
1727942400000,-4.647e-05
1727956800000,-0.00016131
1727971200000,1.848e-05
1727985600000,-0.00012568
1728000000000,5e-05
1728014400000,4.55e-05
1728028800000,5e-05
1728043200000,5e-05
1728057600001,5e-05
1728072000000,-0.00014697
1728086400000,5e-05
1728100800000,2.674e-05
1728115200000,5e-05
1728129600000,-0.00017983
1728144000000,5e-05
1728158400000,5e-05
1728172800000,4.49e-06
1728187200001,-8.508e-05
1728201600001,1.14e-06
1728216000000,5e-05
1728230400000,-2.24e-05
1728244800000,2.977e-05
1728259200000,5e-05
1728273600000,5e-05
1728288000000,5e-05
1728302400000,5e-05
1728316800001,5e-05
1728331200000,9.28e-06
1728345600000,3.782e-05
1728360000000,5e-05
1728374400000,5e-05
1728388800000,5e-05
1728403200000,5e-05
1728417600000,5e-05
1728432000000,5e-05
1728446400000,5e-05
1728460800000,5e-05
1728475200000,5e-05
1728489600000,5e-05
1728504000000,5e-05
1728518400000,5e-05
1728532800000,5e-05
1728547200000,5e-05
1728561600000,5e-05
1728576000000,5e-05
1728590400000,5e-05
1728604800000,5e-05
1728619200000,4.214e-05
1728633600000,5e-05
1728648000000,5e-05
1728662400001,5e-05
1728676800000,-0.00014497
1728691200000,5e-05
1728705600001,5e-05
1728720000001,5e-05
1728734400000,5e-05
1728748800000,5e-05
1728763200000,5e-05
1728777600000,5e-05
1728792000001,5e-05
1728806400000,5e-05
1728820800000,5e-05
1728835200000,5e-05
1728849600000,5e-05
1728864000000,5e-05
1728878400000,5e-05
1728892800000,2.956e-05
1728907200000,5e-05
1728921600000,5e-05
1728936000000,5e-05
1728950400000,5e-05
1728964800000,5e-05
1728979200000,5e-05
1728993600000,5e-05
1729008000000,5e-05
1729022400000,5e-05
1729036800000,5e-05
1729051200000,5e-05
1729065600001,5e-05
1729080000000,5e-05
1729094400000,5e-05
1729108800000,5e-05
1729123200000,5e-05
1729137600001,-4.215e-05
1729152000000,5e-05
1729166400000,5e-05
1729180800001,5e-05
1729195200007,5e-05
1729209600010,-9.919e-05
1729224000000,5e-05
1729238400001,5e-05
1729252800000,5e-05
1729267200000,5e-05
1729281600000,5e-05
1729296000000,5e-05
1729310400000,5e-05
1729324800000,5e-05
1729339200000,5e-05
1729353600000,5e-05
1729368000000,-9.351e-05
1729382400000,-4.161e-05
1729396800000,5e-05
1729411200000,-2.532e-05
1729425600000,-1.468e-05
1729440000000,5e-05
1729454400000,1.755e-05
1729468800000,5e-05
1729483200000,5e-05
1729497600000,5e-05
1729512000000,5e-05
1729526400000,-0.00051008
1729540800000,-2.66e-05
1729555200000,-6.526e-05
1729569600000,-0.00077325
1729584000000,5e-05
1729598400000,5e-05
1729612800000,5e-05
1729627200000,5e-05
1729641600000,5e-05
1729656000000,5e-05
1729670400000,5e-05
1729684800000,5e-05
1729699200000,5e-05
1729713600001,5e-05
1729728000000,5e-05
1729742400001,-0.00025219
1729756800000,5e-05
1729771200000,5e-05
1729785600000,-7.755e-05
1729800000000,-0.00011952
1729814400000,5e-05
1729828800001,5e-05
1729843200000,5e-05
1729857600000,5e-05
1729872000000,5e-05
1729886400000,5e-05
1729900800000,5e-05
1729915200001,5e-05
1729929600001,-0.00010476
1729944000000,5e-05
1729958400000,-0.00010247
1729972800001,5e-05
1729987200000,5e-05
1730001600000,-2.778e-05
1730016000000,5e-07
1730030400000,5e-05
1730044800000,5e-05
1730059200000,5e-05
1730073600000,5e-05
1730088000000,4.546e-05
1730102400001,5e-05
1730116800001,5e-05
1730131200000,5e-05
1730145600000,5e-05
1730160000000,5e-05
1730174400000,5e-05
1730188800000,-4.985e-05
1730203200001,5e-05
1730217600004,-1.813e-05
1730232000000,5e-05
1730246400000,5e-05
1730260800000,5e-05
1730275200000,1.149e-05
1730289600006,5e-05
1730304000013,5e-05
1730318400000,5e-05
1730332800000,5e-05
1730347200000,5e-05
1730361600000,5e-05
1730376000000,5e-05
1730390400000,5e-05
1730404800000,5e-05
1730419200000,5e-05
1730433600000,5e-05
1730448000000,5e-05
1730462400000,5e-05
1730476800000,-1.424e-05
1730491200001,5e-05
1730505600000,5e-05
1730520000000,5e-05
1730534400000,5e-05
1730548800000,5e-05
1730563200000,5e-05
1730577600001,5e-05
1730592000000,5e-05
1730606400000,5e-05
1730620800000,5e-05
1730635200000,5e-05
1730649600000,5e-05
1730664000000,5e-05
1730678400000,5e-05
1730692800000,-0.00025095
1730707200000,-1.28e-05
1730721600000,4.269e-05
1730736000000,-8.416e-05
1730750400000,5e-05
1730764800000,5e-05
1730779200000,-0.00014393
1730793600003,5e-05
1730808000001,5e-05
1730822400001,5e-05
1730836800000,5e-05
1730851200000,5e-05
1730865600000,5e-05
1730880000000,5e-05
1730894400001,5e-05
1730908800000,5e-05
1730923200001,5e-05
1730937600000,5e-05
1730952000000,5e-05
1730966400000,5e-05
1730980800000,5e-05
1730995200000,5e-05
1731009600000,5e-05
1731024000000,5e-05
1731038400000,5e-05
1731052800000,5e-05
1731067200000,5e-05
1731081600000,5e-05
1731096000000,5e-05
1731110400000,5e-05
1731124800000,5e-05
1731139200000,5e-05
1731153600000,0.00014687
1731168000000,7.832e-05
1731182400000,5e-05
1731196800000,0.00022402
1731211200000,5e-05
1731225600000,0.00033393
1731240000000,9.133e-05
1731254400000,0.00021209
1731268800000,5e-05
1731283200001,0.00015631
1731297600000,0.00024623
1731312000000,0.0001074
1731326400000,0.00045353
1731340800000,5e-05
1731355200000,5e-05
1731369600002,0.00024504
1731384000000,0.00032871
1731398400000,9.838e-05
1731412800000,0.00023197
1731427200000,7.594e-05
1731441600000,6.668e-05
1731456000000,0.00024037
1731470400000,9.191e-05
1731484800010,5e-05
1731499200001,5e-05
1731513600000,5e-05
1731528000000,0.00013594
1731542400001,5e-05
1731556800000,0.00050075
1731571200000,5e-05
1731585600001,5e-05
1731600000000,0.00015467
1731614400000,5e-05
1731628800000,5e-05
1731643200001,5e-05
1731657600000,5e-05
1731672000000,5e-05
1731686400000,5e-05
1731700800000,5e-05
1731715200001,0.00016281
1731729600001,5e-05
1731744000001,5e-05
1731758400000,9.214e-05
1731772800000,5e-05
1731787200000,5.87e-05
1731801600000,5e-05
1731816000000,5e-05
1731830400000,5e-05
1731844800000,5e-05
1731859200001,0.00010354
1731873600001,5e-05
1731888000000,0.00022288
1731902400000,0.00011983
1731916800000,5e-05
1731931200000,0.00010381
1731945600000,0.00018074
1731960000000,0.00014835
1731974400000,0.00036655
1731988800000,8.266e-05
1732003200000,5e-05
1732017600000,5e-05
1732032000000,5e-05
1732046400001,8.354e-05
1732060800003,9.27e-05
1732075200000,6.357e-05
1732089600000,5e-05
1732104000000,5e-05
1732118400000,5e-05
1732132800000,5e-05
1732147200001,5e-05
1732161600000,5e-05
1732176000000,5e-05
1732190400000,5e-05
1732204800001,5e-05
1732219200000,5e-05
1732233600000,0.00034565
1732248000000,7.614e-05
1732262400000,5e-05
1732276800000,5e-05
1732291200001,5.667e-05
1732305600000,5e-05
1732320000000,0.00017187
1732334400000,0.00016186
1732348800000,0.00033325
1732363200000,5e-05
1732377600000,0.00026554
1732392000000,8.236e-05
1732406400001,0.0001257
1732420800000,0.00048052
1732435200000,5e-05
1732449600000,0.00030251
1732464000000,5e-05
1732478400000,5e-05
1732492800000,8.053e-05
1732507200000,0.00041957
1732521600000,5e-05
1732536000008,6.79e-05
1732550400000,0.00018245
1732564800000,5e-05
1732579200000,5e-05
1732593600000,5e-05
1732608000000,0.00018431
1732622400000,5e-05
1732636800000,5e-05
1732651200000,5e-05
1732665600000,5e-05
1732680000000,5e-05
1732694400000,5e-05
1732708800000,5e-05
1732723200001,6.191e-05
1732737600000,5e-05
1732752000000,5e-05
1732766400000,5e-05
1732780800000,5e-05
1732795200000,5.84e-05
1732809600000,6.34e-05
1732824000000,5e-05
1732838400000,5e-05
1732852800000,5e-05
1732867200000,0.00010576
1732881600000,5e-05
1732896000000,5e-05
1732910400000,5.202e-05
1732924800000,0.00029189
1732939200000,5e-05
1732953600000,0.00020341
1732968000001,5e-05
1732982400000,8.272e-05
1732996800000,5e-05
1733011200000,7.927e-05
1733025600000,0.00016566
1733040000000,5e-05
1733054400000,5e-05
1733068800000,5e-05
1733083200000,5e-05
1733097600001,0.00019557
1733112000000,0.00022369
1733126400001,0.00033617
1733140800000,0.00021399
1733155200000,5e-05
1733169600001,0.00014505
1733184000000,8.61e-05
1733198400000,0.00012369
1733212800000,0.00026084
1733227200001,0.00039479
1733241600000,7.573e-05
1733256000000,0.0002285
1733270400000,0.0001727
1733284800000,0.00033775
1733299200000,0.0001904
1733313600000,0.00031258
1733328000000,0.00014856
1733342400000,0.00034259
1733356800001,0.0001753
1733371200000,0.00014563
1733385600000,0.00053193
1733400000000,0.00030103
1733414400000,0.00038411
1733428800000,0.00024399
1733443200000,0.00026954
1733457600001,0.00048298
1733472000000,0.0003163
1733486400001,0.0001757
1733500800000,0.00011282
1733515200001,0.00031951
1733529600000,0.00020305
1733544000000,0.00018405
1733558400000,0.00017217
1733572800000,0.00012534
1733587200000,0.00019203
1733601600000,0.00020048
1733616000000,5e-05
1733630400000,0.00020895
1733644800000,0.00058827
1733659200001,0.00051678
1733673600000,0.00023578
1733688000000,5e-05
1733702400000,0.00027302
1733716800000,5e-05
1733731200000,5e-05
1733745600000,5e-05
1733760000001,5e-05
1733774400012,5e-05
1733788800007,5.7e-06
1733803200002,5e-05
1733817600000,5e-05
1733832000000,5e-05
1733846400000,5e-05
1733860800001,5e-05
1733875200000,5e-05
1733889600000,5e-05
1733904000000,5e-05
1733918400000,-4.449e-05
1733932800001,5e-05
1733947200000,5e-05
1733961600001,5e-05
1733976000000,5e-05
1733990400000,5e-05
1734004800000,5e-05
1734019200001,5e-05
1734033600000,5e-05
1734048000000,5e-05
1734062400000,5e-05
1734076800000,5e-05
1734091200000,5e-05
1734105600001,5e-05
1734120000001,5e-05
1734134400000,5e-05
1734148800000,5e-05
1734163200000,-5.195e-05
1734177600000,5e-05
1734192000000,5e-05
1734206400000,5e-05
1734220800000,5e-05
1734235200000,5e-05
1734249600000,5e-05
1734264000000,5e-05
1734278400000,5e-05
1734292800001,5e-05
1734307200000,5e-05
1734321600000,5e-05
1734336000001,5e-05
1734350400000,5e-05
1734364800000,1.331e-05
1734379200000,5e-05
1734393600000,5e-05
1734408000000,5e-05
1734422400000,4.601e-05
1734436800000,5e-05
1734451200000,-6.429e-05
1734465600000,5e-05
1734480000000,5e-05
1734494400000,5e-05
1734508800000,5e-05
1734523200000,1.748e-05
1734537600000,3.772e-05
1734552000000,5e-05
1734566400000,5e-05
1734580800000,5e-05
1734595200000,5e-05
1734609600000,4.501e-05
1734624000000,5e-05
1734638400000,-5.618e-05
1734652800000,5e-05
1734667200001,5e-05
1734681600001,5e-05
1734696000000,-6.571e-05
1734710400014,5e-05
1734724800000,5e-05
1734739200000,5e-05
1734753600000,5e-05
1734768000000,5e-05
1734782400000,5e-05
1734796800001,5e-05
1734811200000,5e-05
1734825600000,5e-05
1734840000000,5e-05
1734854400000,5e-05
1734868800000,5e-05
1734883200000,5e-05
1734897600000,-2.727e-05
1734912000000,-0.00011874
1734926400000,5e-05
1734940800000,5e-05
1734955200000,-0.00011758
1734969600001,5e-05
1734984000000,5e-05
1734998400000,5e-05
1735012800000,5e-05
1735027200000,5e-05
1735041600000,5e-05
1735056000001,5e-05
1735070400000,4e-06
1735084800001,5e-05
1735099200001,5e-05
1735113600000,5e-05
1735128000000,5e-05
1735142400000,5e-05
1735156800000,5e-05
1735171200000,5e-05
1735185600001,5e-05
1735200000000,5e-05
1735214400000,5e-05
1735228800000,5e-05
1735243200001,5e-05
1735257600000,-0.00011763
1735272000000,5e-05
1735286400000,5e-05
1735300800000,5e-05
1735315200000,5e-05
1735329600001,5e-05
1735344000001,5e-05
1735358400000,5e-05
1735372800000,5e-05
1735387200000,5e-05
1735401600000,5e-05
1735416000000,5e-05
1735430400000,5e-05
1735444800000,5e-05
1735459200000,5e-05
1735473600000,5e-05
1735488000000,5e-05
1735502400000,5e-05
1735516800000,5e-05
1735531200001,5e-05
1735545600001,5e-05
1735560000000,5e-05
1735574400000,5e-05
1735588800000,5e-05
1735603200000,5e-05
1735617600000,5e-05
1735632000000,5e-05
1735646400001,4.723e-05
1735660800000,5e-05
1735675200000,5e-05
1735689600015,5e-05
1735704000004,5e-05
1735718400000,5e-05
1735732800002,5e-05
1735747200001,5e-05
1735761600000,5e-05
1735776000000,5e-05
1735790400000,5e-05
1735804800006,5e-05
1735819200007,5e-05
1735833600000,5e-05
1735848000001,5e-05
1735862400000,5e-05
1735876800001,5e-05
1735891200000,5e-05
1735905600000,5e-05
1735920000000,5e-05
1735934400001,5e-05
1735948800000,5e-05
1735963200000,5e-05
1735977600000,5e-05
1735992000000,5e-05
1736006400000,5e-05
1736020800001,5e-05
1736035200000,5e-05
1736049600000,5e-05
1736064000000,5e-05
1736078400000,5e-05
1736092800000,5e-05
1736107200000,5e-05
1736121600000,5e-05
1736136000000,5e-05
1736150400001,5e-05
1736164800000,5e-05
1736179200000,5e-05
1736193600000,5e-05
1736208000000,5e-05
1736222400000,5e-05
1736236800000,5e-05
1736251200001,5e-05
1736265600008,5e-05
1736280000000,5e-05
1736294400001,5e-05
1736308800006,5e-05
1736323200000,5e-05
1736337600000,5e-05
1736352000000,5e-05
1736366400000,5e-05
1736380800000,5e-05
1736395200001,-0.00031008
1736409600000,-6.035e-05
1736424000000,5e-05
1736438400000,5e-05
1736452800000,5e-05
1736467200000,5e-05
1736481600000,5e-05
1736496000000,5e-05
1736510400000,5e-05
1736524800000,5e-05
1736539200001,5e-05
1736553600000,5e-05
1736568000000,5e-05
1736582400000,-2.296e-05
1736596800000,5e-05
1736611200000,5e-05
1736625600000,5e-05
1736640000000,5e-05
1736654400000,-6.47e-06
1736668800000,-6.348e-05
1736683200000,5e-05
1736697600000,5e-05
1736712000000,5e-05
1736726400000,5e-05
1736740800000,-2.286e-05
1736755200000,5e-05
1736769600000,5e-05
1736784000000,-0.00024456
1736798400000,-6.39e-06
1736812800000,5e-05
1736827200000,5e-05
1736841600000,5e-05
1736856000000,5e-05
1736870400000,5e-05
1736884800000,5e-05
1736899200000,5e-05
1736913600000,5e-05
1736928000000,5e-05
1736942400000,5e-05
1736956800000,-0.00014807
1736971200000,5e-05
1736985600000,5e-05
1737000000000,5e-05
1737014400000,5e-05
1737028800000,5e-05
1737043200000,5e-05
1737057600000,5e-05
1737072000004,5e-05
1737086400000,5e-05
1737100800000,5e-05
1737115200013,5e-05
1737129600008,5e-05
1737144000005,5e-05
1737158400000,5e-05
1737172800003,5e-05
1737187200007,5e-05
1737201600000,5e-05
1737216000000,5e-05
1737230400000,5e-05
1737244800000,5e-05
1737259200000,-9.276e-05
1737273600000,5e-05
1737288000000,5e-05
1737302400000,5e-05
1737316800000,5e-05
1737331200000,5e-05
1737345600000,5e-05
1737360000009,5e-05
1737374400002,5e-05
1737388800000,5e-05
1737403200001,5e-05
1737417600000,5e-05
1737432000000,5e-05
1737446400000,5e-05
1737460800000,5e-05
1737475200000,5e-05
1737489600000,5e-05
1737504000000,5e-05
1737518400000,5e-05
1737532800000,5e-05
1737547200000,5e-05
1737561600000,5e-05
1737576000000,5e-05
1737590400001,5e-05
1737604800001,5e-05
1737619200000,5e-05
1737633600000,5e-05
1737648000000,5e-05
1737662400000,5e-05
1737676800000,5e-05
1737691200000,5e-05
1737705600000,5e-05
1737720000001,5e-05
1737734400000,5e-05
1737748800000,5e-05
1737763200000,5e-05
1737777600000,5e-05
1737792000000,5e-05
1737806400000,5e-05
1737820800001,5e-05
1737835200001,5e-05
1737849600000,5e-05
1737864000000,5e-05
1737878400000,5e-05
1737892800000,5e-05
1737907200000,5e-05
1737921600000,5e-05
1737936000000,5e-05
1737950400000,5e-05
1737964800000,5e-05
1737979200001,5e-05
1737993600000,2.713e-05
1738008000000,5e-05
1738022400000,5e-05
1738036800000,5e-05
1738051200000,-0.0005339
1738065600000,5e-05
1738080000000,5e-05
1738094400000,5e-05
1738108800000,5e-05
1738123200001,5e-05
1738137600000,5e-05
1738152000000,-0.00075128
1738166400000,5e-05
1738180800000,5e-05
1738195200000,-3.97e-05
1738209600000,-0.00023371
1738224000000,5e-05
1738238400000,5e-05
1738252800000,5e-05
1738267200000,5e-05
1738281600000,3.063e-05
1738296000000,5e-05
1738310400000,5e-05
1738324800001,5e-05
1738339200000,5e-05
1738353600000,5e-05
1738368000000,5e-05
1738382400000,5e-05
1738396800000,5e-05
1738411200000,5e-05
1738425600000,5e-05
1738440000000,5e-05
1738454400001,5e-05
1738468800000,2.214e-05
1738483200000,5e-05
1738497600000,-5.21e-05
1738512000000,5e-05
1738526400000,2.303e-05
1738540800000,5e-05
1738555200000,-0.000147
1738569600000,-7.28e-06
1738584000000,-0.00024865
1738598400000,-6.432e-05
1738612800000,5e-05
1738627200000,5e-05
1738641600001,5e-05
1738656000001,-0.00034294
1738670400001,5e-05
1738684800000,-0.00035636
1738699200000,-0.00011305
1738713600001,5e-05
1738728000000,5e-05
1738742400001,5e-05
1738756800000,5e-05
1738771200000,5e-05
1738785600000,5e-05
1738800000001,5e-05
1738814400001,-0.00012238
1738828800001,-0.00048622
1738843200000,5e-05
1738857600000,5e-05
1738872000000,4.78e-06
1738886400000,5e-05
1738900800000,-0.00012014
1738915200000,-0.00020437
1738929600000,-0.00017597
1738944000000,-0.00012534
1738958400000,-0.00047989
1738972800000,5e-05
1738987200000,-7.316e-05
1739001600000,5e-05
1739016000000,-0.00013958
1739030400000,-2.144e-05
1739044800000,5e-05
1739059200000,-0.00010076
1739073600000,-1.125e-05
1739088000000,4.725e-05
1739102400000,5e-05
1739116800000,5e-05
1739131200007,1.775e-05
1739145600000,5e-05
1739160000000,3.608e-05
1739174400000,-0.00022874
1739188800000,5e-05
1739203200000,-0.00045067
1739217600001,5e-05
1739232000000,5e-05
1739246400000,5e-05
1739260800000,5e-05
1739275200000,5e-05
1739289600000,-0.00022528
1739304000000,5e-05
1739318400000,5e-05
1739332800000,-0.00016119
1739347200000,-0.00080822
1739361600001,5e-05
1739376000001,5e-05
1739390400000,5e-05
1739404800001,5e-05
1739419200000,5e-05
1739433600000,1.418e-05
1739448000000,5e-05
1739462400001,5e-05
1739476800000,5e-05
1739491200000,-0.00011757
1739505600000,5e-05
1739520000001,5e-05
1739534400000,-3.726e-05
1739548800000,5e-05
1739563200000,5e-05
1739577600000,-0.00012633
1739592000000,5e-05
1739606400000,-0.00012033
1739620800000,5e-05
1739635200000,-0.00020582
1739649600001,-0.00023088
1739664000000,-5.266e-05
1739678400000,-0.00066444
1739692800000,-2.392e-05
1739707200000,5e-05
1739721600000,3.888e-05
1739736000000,5e-05
1739750400000,5e-05
1739764800001,4.301e-05
1739779200000,5e-05
1739793600004,5e-05
1739808000000,-0.00013735
1739822400001,5e-05
1739836800000,5e-05
1739851200000,5e-05
1739865600000,5e-05
1739880000000,-4.276e-05
1739894400000,-0.00013084
1739908800000,5e-05
1739923200000,5e-05
1739937600000,5e-05
1739952000000,5e-05
1739966400000,5e-05
1739980800000,-0.00017471
1739995200000,-0.00055679
1740009600000,-0.00043735
1740024000000,5e-05
1740038400000,2.043e-05
1740052800000,5e-05
1740067200000,5e-05
1740081600000,-4.974e-05
1740096000001,5e-05
1740110400000,-0.00073495
1740124800000,-0.00020218
1740139200000,-0.00081658
1740153600000,-2.081e-05
1740168000000,5e-05
1740182400000,5e-05
1740196800000,5e-05
1740211200000,-8.496e-05
1740225600000,5e-05
1740240000000,5e-05
1740254400000,5e-05
1740268800000,5e-05
1740283200000,-1.826e-05
1740297600000,5e-05
1740312000000,-2.53e-05
1740326400000,-0.00051114
1740340800000,-0.0001056
1740355200000,5e-05
1740369600000,-4.6e-06
1740384000000,5e-05
1740398400001,-0.0002661
1740412800000,-3.696e-05
1740427200000,5e-05
1740441600000,-0.00017959
1740456000000,-0.00030254
1740470400000,-0.00011551
1740484800000,5e-05
1740499200000,5e-05
1740513600000,1.893e-05
1740528000000,-2.215e-05
1740542400000,5e-05
1740556800000,-4.016e-05
1740571200001,5e-05
1740585600000,5e-05
1740600000000,5e-05
1740614400001,5e-05
1740628800001,5e-05
1740643200000,5e-05
1740657600006,-0.00012407
1740672000000,5e-05
1740686400001,5e-05
1740700800001,0.0001967
1740715200000,5e-05
1740729600000,5e-05
1740744000000,-0.00016705
1740758400000,5e-05
1740772800000,5e-05
1740787200000,5e-05
1740801600000,5e-05
1740816000000,5e-05
1740830400001,5e-05
1740844800001,5e-05
1740859200000,5e-05
1740873600000,-0.00012947
1740888000000,5e-05
1740902400000,5e-05
1740916800000,5e-05
1740931200000,5e-05
1740945600000,5e-05
1740960000001,5e-05
1740974400000,5e-05
1740988800000,-8.829e-05
1741003200001,5e-05
1741017600000,5e-05
1741032000000,-0.0001918
1741046400001,5e-05
1741060800000,-0.00019151
1741075200005,-0.00065781
1741089600000,5e-05
1741104000000,5e-05
1741118400000,3.713e-05
1741132800000,1.53e-05
1741147200000,-0.00040382
1741161600000,5e-05
1741176000000,1.997e-05
1741190400000,5e-05
1741204800000,5e-05
1741219200000,-0.00080824
1741233600000,-0.00054411
1741248000001,-0.00077842
1741262400001,-0.00012202
1741276800000,5e-05
1741291200000,-0.00057151
1741305600000,-0.00027507
1741320000000,5e-05
1741334400001,-0.00018884
1741348800000,5e-05
1741363200000,-3.576e-05
1741377600000,-0.00017044
1741392000000,-0.00034516
1741406400000,5e-05
1741420800001,-0.00022499
1741435200001,-0.00013035
1741449600001,-2.656e-05
1741464000001,8.37e-06
1741478400001,-7.979e-05
1741492800000,-0.00058534
1741507200000,5e-05
1741521600000,-6.005e-05
1741536000000,5e-05
1741550400000,-0.00020866
1741564800000,-0.00076735
1741579200000,-0.00038419
1741593600000,-0.0008536
1741608000000,-4.065e-05
1741622400000,-0.00017733
1741636800000,-0.00028369
1741651200000,-6.488e-05
1741665600000,-0.00045975
1741680000000,-0.00099644
1741694400000,-0.00018707
1741708800001,-0.00024136
1741723200001,-0.0004486
1741737600000,-0.00037124
1741752000001,-0.0005342
1741766400000,-5.061e-05
1741780800000,4.018e-05
1741795200001,-0.00020191
1741809600000,-0.00045936
1741824000000,-0.00020885
1741838400000,5e-05
1741852800000,5e-05
1741867200000,5e-05
1741881600000,-0.00010854
1741896000000,-0.00022269
1741910400000,4.263e-05
1741924800000,-4.18e-05
1741939200000,-3.058e-05
1741953600000,5e-05
1741968000000,5e-05
1741982400000,-0.00024354
1741996800000,-9.707e-05
1742011200000,-1.142e-05
1742025600000,-0.00094901
1742040000000,-7.616e-05
1742054400000,-0.00022765
1742068800000,-0.0001889
1742083200000,4.608e-05
1742097600000,5e-05
1742112000000,5e-05
1742126400000,-0.00010885
1742140800000,-1.765e-05
1742155200000,-0.00027018
1742169600000,5e-05
1742184000000,5e-05
1742198400000,-1.233e-05
1742212800000,8.73e-06
1742227200000,-0.000172
1742241600000,5e-05
1742256000000,-8.761e-05
1742270400000,8.68e-06
1742284800000,2.346e-05
1742299200001,-3.678e-05
1742313600000,-8.852e-05
1742328000000,5e-05
1742342400000,5e-05
1742356800000,-5.56e-06
1742371200000,5e-05
1742385600000,5e-05
1742400000000,5e-05
1742414400000,5e-05
1742428800000,5e-05
1742443200000,5e-05
1742457600000,5e-05
1742472000000,-1.659e-05
1742486400000,-3.619e-05
1742500800000,5e-05
1742515200000,5e-05
1742529600000,-3.941e-05
1742544000000,-0.00017736
1742558400000,5e-05
1742572800000,-3.859e-05
1742587200000,-0.00010608
1742601600000,-0.00023147
1742616000001,5e-05
1742630400004,-0.00021741
1742644800013,-0.00017724
1742659200000,-7.783e-05
1742673600001,-0.00025159
1742688000000,1.695e-05
1742702400000,5e-05
1742716800000,-0.00027121
1742731200000,-0.00025545
1742745600000,-3.806e-05
1742760000000,-0.00011704
1742774400000,-0.00019647
1742788800000,-7.18e-06
1742803200000,5e-05
1742817600000,3.82e-05
1742832000000,5e-05
1742846400004,5e-05
1742860800001,5e-05
1742875200000,5e-05
1742889600000,-9.597e-05
1742904000000,-4.112e-05
1742918400000,-3.219e-05
1742932800000,5e-05
1742947200000,-7.275e-05
1742961600001,-0.00023383
1742976000000,5e-05
1742990400000,4.556e-05
1743004800001,-0.00016338
1743019200000,2.445e-05
1743033600001,4.748e-05
1743048000000,5e-05
1743062400001,5e-05
1743076800000,5e-05
1743091200002,5e-05
1743105600000,-1.28e-05
1743120000001,5e-05
1743134400000,3.8e-05
1743148800001,-5.148e-05
1743163200000,-8.838e-05
1743177600000,-1.789e-05
1743192000000,-0.00012276
1743206400000,-4.823e-05
1743220800001,-0.00019002
1743235200000,-5.857e-05
1743249600000,-7.17e-06
1743264000000,-0.00029198
1743278400000,-9.723e-05
1743292800000,2.042e-05
1743307200000,-0.00011103
1743321600000,5e-05
1743336000000,1.234e-05
1743350400000,-3.09e-06
1743364800000,-0.00012911
1743379200000,3.234e-05
1743393600000,-5.675e-05
1743408000000,-0.0001378
1743422400000,5e-05
1743436800000,5e-05
1743451200000,-0.00016776
1743465600000,-0.0001106
1743480000001,5e-05
1743494400001,-3.308e-05
1743508800000,-1.407e-05
1743523200000,5e-05
1743537600003,-1.853e-05
1743552000001,5e-05
1743566400001,5e-05
1743580800000,-0.00027576
1743595200002,-7.7e-07
1743609600000,-4.961e-05
1743624000000,7.38e-06
1743638400000,-8.583e-05
1743652800000,5e-05
1743667200000,-0.00012428
1743681600000,-0.00029781
1743696000000,-0.00019417
1743710400000,-1.48e-05
1743724800000,-0.00017691
1743739200000,5e-05
1743753600000,5e-05
1743768000000,-0.00014034
1743782400000,-0.00015373
1743796800001,-4.697e-05
1743811200000,-0.00020941
1743825600000,-0.00015961
1743840000000,5e-05
1743854400000,-3.893e-05
1743868800000,-0.00037221
1743883200000,5e-05
1743897600000,-0.00033747
1743912000000,5e-05
1743926400000,5e-05
1743940800001,5e-05
1743955200002,5e-05
1743969600001,-0.0003284
1743984000000,-0.00028473
1743998400000,-0.00047611
1744012800000,-0.00036877
1744027200000,-0.00043377
1744041600000,-0.00033415
1744056000000,-0.00112165
1744070400000,-0.0011468
1744084800000,-0.00067563
1744099200000,-0.00059878
1744113600000,-0.00194213
1744128000000,-0.00036787
1744142400000,-0.00109504
1744156800000,-0.00041376
1744171200000,-0.00051102
1744185600001,-0.00019336
1744200000000,-0.00023426
1744214400000,-0.00112121
1744228800000,-0.00057618
1744243200000,-0.0005776
1744257600000,-0.00030495
1744272000000,-3.49e-05
1744286400000,5e-05
1744300800000,3.696e-05
1744315200000,5e-05
1744329600001,5e-05
1744344000001,5e-05
1744358400000,-5.533e-05
1744372800000,3.39e-05
1744387200000,-4.669e-05
1744401600001,-0.0003201
1744416000000,-9.462e-05
1744430400000,-0.00014467
1744444800001,5e-05
1744459200001,-0.00024185
1744473600000,7.63e-06
1744488000000,5e-05
1744502400000,5e-05
1744516800000,4.711e-05
1744531200000,-0.00030194
1744545600000,-0.00039485
1744560000000,-0.00039911
1744574400000,-0.00035155
1744588800000,-0.00016961
1744603200000,-0.00084493
1744617600000,-0.0007265
1744632000002,5e-05
1744646400000,-0.00033364
1744660800000,4.95e-05
1744675200000,5e-05
1744689600001,5e-05
1744704000000,5e-05
1744718400000,5e-05
1744732800001,-0.00019431
1744747200000,-0.00035909
1744761600000,-6.325e-05
1744776000000,-0.00018049
1744790400000,-0.00039
1744804800000,-0.00034522
1744819200000,-0.00032214
1744833600000,-6.936e-05
1744848000001,-0.00025117
1744862400000,-9.255e-05
1744876800000,-9.151e-05
1744891200000,-0.00019918
1744905600001,-0.00017309
1744920000001,-0.0004047
1744934400000,5e-05
1744948800000,5e-05
1744963200000,-1.382e-05
1744977600000,-0.00010593
1744992000000,5e-05
1745006400000,5e-05
1745020800000,3.067e-05
1745035200000,5e-05
1745049600000,5e-05
1745064000000,-4.95e-05
1745078400000,5e-05
1745092800000,-0.00017925
1745107200000,-9.079e-05
1745121600000,4.282e-05
1745136000000,5e-05
1745150400001,5e-05
1745164800000,5e-05
1745179200000,5e-05
1745193600000,5e-05
1745208000000,5e-05
1745222400005,5e-05
1745236800002,5e-05
1745251200003,5e-05
1745265600006,5e-05
1745280000008,5e-05
1745294400000,5e-05
1745308800000,5e-05
1745323200001,5e-05
1745337600000,5e-05
1745352000004,5e-05
1745366400000,5e-05
1745380800000,5e-05
1745395200002,5e-05
1745409600005,5e-05
1745424000000,5e-05
1745438400001,5e-05
1745452800000,5e-05
1745467200003,-1.451e-05
1745481600001,5e-05
1745496000001,2.736e-05
1745510400001,-0.00019985
1745524800006,-8.77e-05
1745539200007,5e-05
1745553600001,5e-05
1745568000002,5e-05
1745582400000,-0.00015045
1745596800003,1.731e-05
1745611200001,5e-05
1745625600002,2.397e-05
1745640000001,5e-05
1745654400000,4.001e-05
1745668800000,-9.309e-05
1745683200002,-0.00017072
1745697600000,-8.43e-05
1745712000001,-0.00020816
1745726400001,-9.31e-06
1745740800000,-3.238e-05
1745755200000,-0.00010583
1745769600000,-6.42e-05
1745784000003,-2.376e-05
1745798400001,5e-05
1745812800001,-0.00019183
1745827200003,-0.00036367
1745841600000,-0.0002789
1745856000005,-0.00024548
1745870400002,-0.00024151
1745884800000,-9.73e-05
1745899200000,-0.0002441
1745913600000,-7.964e-05
1745928000001,-0.00013084
1745942400010,-0.00050288
1745956800002,-0.00154666
1745971200001,-0.00084518
1745985600001,-0.00140358
1746000000000,-0.00023062
1746014400001,-0.00017502
1746028800003,-0.00017311
1746043200002,-0.00021908
1746057600000,-8.418e-05
1746072000008,-0.00057932
1746086400000,-0.00033059
1746100800001,-0.00052851
1746115200001,-0.00022001
1746129600000,5e-05
1746144000000,-2.945e-05
1746158400000,-0.0001096
1746172800000,-0.00023009
1746187200005,-6.205e-05
1746201600003,-0.00012807
1746216000003,3.529e-05
1746230400000,5e-05
1746244800001,5e-05
1746259200000,-8.329e-05
1746273600006,-0.00036492
1746288000000,2.899e-05
1746302400000,-0.00015364
1746316800001,-0.00037165
1746331200004,-0.00045663
1746345600001,-0.00012519
1746360000006,-2.18e-05
1746374400002,-0.00052161
1746388800000,-0.000528
1746403200000,-0.00040264
1746417600000,-0.00055728
1746432000000,-0.00036192
1746446400000,-0.00051169
1746460800006,-0.00015882
1746475200000,-0.00013814
1746489600002,-0.00033675
1746504000000,-0.0004594
1746518400005,-0.00056012
1746532800000,-0.00050224
1746547200000,-0.00072565
1746561600000,-0.0002362
1746576000002,-0.00040165
1746590400004,-0.00042186
1746604800000,-0.00034703
1746619200000,-0.00159655
1746633600006,-0.00060593
1746648000000,-0.00047474
1746662400000,-0.00048794
1746676800005,-0.00043532
1746691200001,-0.00044909
1746705600000,-0.000302
1746720000002,-0.00030927
1746734400006,5e-05
1746748800001,2.199e-05
1746763200000,-0.00029517
1746777600006,3.259e-05
1746792000000,5e-05
1746806400000,5e-05
1746820800000,5e-05
1746835200001,5e-05
1746849600003,5e-05
1746864000000,5e-05
1746878400000,5e-05
1746892800001,5e-05
1746907200000,5e-05
1746921600000,5e-05
1746936000000,5e-05
1746950400001,5e-05
1746964800001,5e-05
1746979200001,5e-05
1746993600000,5e-05
1747008000004,5e-05
1747022400003,5e-05
1747036800000,5e-05
1747051200000,5e-05
1747065600000,5e-05
1747080000004,5e-05
1747094400000,5e-05
1747108800000,5e-05
1747123200008,5e-05
1747137600000,5e-05
1747152000001,5e-05
1747166400006,5e-05
1747180800007,5e-05
1747195200000,5e-05
1747209600000,5e-05
1747224000000,5e-05
1747238400002,5e-05
1747252800007,5e-05
1747267200000,5e-05
1747281600000,5e-05
1747296000003,5e-05
1747310400000,5e-05
1747324800000,5e-05
1747339200001,5e-05
1747353600001,5e-05
1747368000001,5e-05
1747382400000,5e-05
1747396800006,5e-05
1747411200000,5e-05
1747425600002,5e-05
1747440000000,5e-05
1747454400000,5e-05
1747468800001,2.32e-06
1747483200002,5e-05
1747497600004,5e-05
1747512000003,-0.00010968
1747526400000,-0.00010115
1747540800003,-2.301e-05
1747555200000,5e-05
1747569600010,5e-05
1747584000000,5e-05
1747598400001,-3.144e-05
1747612800000,5e-05
1747627200004,2.458e-05
1747641600006,5e-05
1747656000000,5e-05
1747670400010,5e-05
1747684800000,5e-05
1747699200000,5e-05
1747713600000,5e-05
1747728000002,5e-05
1747742400003,5e-05
1747756800000,5e-05
1747771200000,5e-05
1747785600000,5e-05
1747800000000,5e-05
1747814400001,5e-05
1747828800007,5e-05
1747843200004,5e-05
1747857600001,5e-05
1747872000001,5e-05
1747886400000,5e-05
1747900800000,5e-05
1747915200000,5e-05
1747929600002,5e-05
1747944000001,5e-05
1747958400006,5e-05
1747972800000,5e-05
1747987200000,5e-05
1748001600003,5e-05
1748016000007,5e-05
1748030400006,5e-05
1748044800010,5e-05
1748059200000,5e-05
1748073600000,-6.088e-05
1748088000007,5e-05
1748102400003,5e-05
1748116800000,5e-05
1748131200004,5e-05
1748145600001,5e-05
1748160000000,-8.83e-05
1748174400000,-0.0001147
1748188800000,8.27e-06
1748203200010,5e-05
1748217600000,5e-05
1748232000000,5e-05
1748246400000,5e-05
1748260800000,5e-05
1748275200002,5e-05
1748289600000,-1.204e-05
1748304000003,3.414e-05
1748318400000,5e-05
1748332800001,5e-05
1748347200005,5e-05
1748361600005,5e-05
1748376000005,5e-05
1748390400002,5e-05
1748404800010,5e-05
1748419200003,5e-05
1748433600000,5e-05
1748448000002,5e-05
1748462400000,5e-05
1748476800000,5e-05
1748491200000,5e-05
1748505600006,5e-05
1748520000001,5e-05
1748534400000,5e-05
1748548800010,5e-05
1748563200003,9.18e-06
1748577600000,4.258e-05
1748592000003,-0.00015665
1748606400006,4.516e-05
1748620800000,5e-05
1748635200005,-8.676e-05
1748649600000,-0.00013709
1748664000004,-0.00012208
1748678400000,-5.65e-06
1748692800000,5e-05
1748707200000,8.5e-06
1748721600004,-2.197e-05
1748736000001,-9.788e-05
1748750400001,-5.964e-05
1748764800002,4.531e-05
1748779200008,5e-05
1748793600000,3.195e-05
1748808000003,-5.532e-05
1748822400001,5e-05
1748836800004,4.27e-06
1748851200000,5e-05
1748865600002,4.648e-05
1748880000000,4.151e-05
1748894400002,5e-05
1748908800000,5e-05
1748923200001,-2.405e-05
1748937600000,-1.174e-05
1748952000000,5e-05
1748966400001,5e-05
1748980800000,5e-05
1748995200000,5e-05
1749009600001,3.863e-05
1749024000000,4.45e-05
1749038400000,-9.632e-05
1749052800000,5e-05
1749067200001,-4.846e-05
1749081600016,-2.79e-06
1749096000001,5e-05
1749110400000,3.201e-05
1749124800003,-1.769e-05
1749139200000,5e-05
1749153600002,-2.866e-05
1749168000002,5e-05
1749182400000,2.293e-05
1749196800000,-6.15e-05
1749211200002,-0.00017637
1749225600006,5e-05
1749240000000,-7.455e-05
1749254400000,5e-05
1749268800000,5e-05
1749283200000,5e-05
1749297600000,5e-05
1749312000002,5e-05
1749326400002,5e-05
1749340800000,5e-05
1749355200000,-1.209e-05
1749369600000,-5.451e-05
1749384000020,5e-05
1749398400000,5e-05
1749412800001,2.121e-05
1749427200000,5e-05
1749441600003,5e-05
1749456000001,5e-05
1749470400000,1.027e-05
1749484800001,5e-05
1749499200012,-1.496e-05
1749513600000,5e-05
1749528000000,7.08e-06
1749542400001,-0.02
1749546000000,-0.02
1749549600011,-0.01927914
1749553200001,-0.01150344
1749556800005,-0.00982039
1749560400000,-0.02
1749564000005,-0.0123367
1749567600001,-0.01299221
1749571200003,-0.00807493
1749574800000,-0.00754167
1749578400003,-0.00923769
1749582000000,-0.00665177
1749585600010,-0.00651534
1749589200000,-0.0033769
1749592800000,-0.00407331
1749596400000,-0.00385894
1749600000000,-0.00384852
1749603600000,-0.00565806
1749607200004,-0.00382475
1749610800000,-0.00487195
1749614400006,-0.00339987
1749618000001,-0.00369101
1749621600000,-0.00415416
1749625200000,-0.00299735
1749628800000,-0.00430975
1749632400001,-0.00597165
1749636000000,-0.00407143
1749639600001,-0.00299795
1749643200007,-0.0018509
1749646800001,-0.00225445
1749650400001,-0.00286764
1749654000000,-0.0021929
1749657600010,-0.00200879
1749661200004,-0.00164973
1749664800000,-0.00267415
1749668400004,-0.00204174
1749672000012,-0.00173727
1749675600004,-0.00093157
1749679200009,-0.00283307
1749682800001,-0.00202846
1749686400002,-0.00164522
1749690000001,-0.00064204
1749693600009,-0.00045026
1749697200000,-0.00106578
1749700800000,-0.00121773
1749704400000,-0.00082715
1749708000000,-0.00095481
1749711600005,-0.00153743
1749715200003,-0.00054843
1749718800001,-0.00102837
1749722400003,-0.00117238
1749726000001,-0.00121331
1749729600001,-0.00089568
1749733200001,-0.00091744
1749736800004,-0.00117918
1749740400005,-0.00091622
1749744000001,-0.00132519
1749747600000,-0.00046385
1749751200000,-0.00106801
1749754800007,-0.00064702
1749758400003,-0.00113681
1749762000000,-0.00198324
1749765600000,-0.00041217
1749769200000,-0.00031431
1749772800000,-0.00120972
1749776400002,-2.882e-05
1749780000003,-0.00013251
1749783600000,-0.0004305
1749787200002,-0.00017981
1749790800000,-0.00039905
1749794400001,-0.00023337
1749798000001,-7.361e-05
1749801600001,-9.272e-05
1749805200003,-0.00029593
1749808800005,-3.021e-05
1749812400002,-0.00012125
1749816000000,-0.00015845
1749819600000,-0.00017925
1749823200000,-0.0002067
1749826800001,1.25e-05
1749830400004,-0.00021009
1749834000002,-0.00012097
1749837600001,3.31e-06
1749841200000,-1.118e-05
1749844800001,1.03e-06
1749848400003,1.25e-05
1749852000005,-4.709e-05
1749855600001,1.25e-05
1749859200000,-8.662e-05
1749862800011,1.25e-05
1749866400002,-0.00076648
1749870000002,-0.00078116
1749873600000,-9.133e-05
1749877200003,-0.001296
1749880800000,-0.00081514
1749884400000,-0.00115458
1749888000000,-0.0006049
1749891600001,-0.00099857
1749895200000,-0.00181593
1749898800000,-0.00064847
1749902400007,-0.00051026
1749906000003,-0.00027706
1749909600000,-0.00052961
1749913200000,-0.00101932
1749916800000,-0.00034735
1749920400003,-4.009e-05
1749924000000,-1.61e-06
1749927600000,-0.00014324
1749931200005,-0.00049559
1749934800002,-0.00135078
1749938400000,-0.00013554
1749942000000,-0.0004509
1749945600005,-0.00038052
1749949200001,-0.00221597
1749952800000,-0.0021111
1749956400000,-0.00040314
1749960000004,-0.00041295
1749963600001,-0.00023086
1749967200004,-0.00026994
1749970800000,-0.00015847
1749974400009,-0.00013456
1749978000006,-3.629e-05
1749981600003,-0.00035145
1749985200000,1.25e-05
1749988800000,-0.0022783
1749992400001,-0.00111512
1749996000000,-0.00080706
1749999600004,-0.00068786
1750003200000,-0.00117638
1750006800002,-0.00181014
1750010400003,-0.0008129
1750014000000,-0.00102314
1750017600000,-0.00074253
1750021200007,-0.00095585
1750024800006,-0.00034405
1750028400001,-0.00138398
1750032000000,-0.00152775
1750035600001,-0.00116229
1750039200000,-0.00048223
1750042800002,-0.00069604
1750046400009,-0.00035452
1750050000000,-0.00045174
1750053600005,-0.00061724
1750057200000,-0.00032186
1750060800000,-0.00055228
1750064400000,-0.00042088
1750068000003,-0.00064392
1750071600000,-0.00010894
1750075200000,-0.00033562
1750078800007,-0.00030308
1750082400002,-0.00024275
1750086000000,-0.00016998
1750089600003,-0.00024174
1750093200000,-6.319e-05
1750096800000,-0.00034202
1750100400003,-0.00052146
1750104000000,-0.00011123
1750107600001,-0.0001897
1750111200000,-0.00042378
1750114800000,-0.00065401
1750118400000,-0.00036802
1750122000001,-5.31e-06
1750125600003,-0.00024328
1750129200001,-5.833e-05
1750132800000,7.18e-06
1750136400000,-2.878e-05
1750140000001,1.25e-05
1750143600003,1.25e-05
1750147200006,-8.193e-05
1750150800000,-9.953e-05
1750154400000,1.25e-05
1750158000002,1.25e-05
1750161600001,1.25e-05
1750165200005,1.25e-05
1750168800002,1.25e-05
1750172400000,4.24e-06
1750176000001,1.25e-05
1750179600000,1.25e-05
1750183200001,1.25e-05
1750186800000,1.25e-05
1750190400000,1.25e-05
1750194000000,1.25e-05
1750197600004,-3.452e-05
1750201200001,1.25e-05
1750204800001,1.25e-05
1750208400001,1.25e-05
1750212000002,1.25e-05
1750215600000,-3.466e-05
1750219200001,1.25e-05
1750222800000,1.25e-05
1750226400000,1.25e-05
1750230000000,1.25e-05
1750233600001,-0.0001832
1750237200000,1.25e-05
1750240800005,-6.719e-05
1750244400000,-5.846e-05
1750248000003,1.25e-05
1750251600001,1.25e-05
1750255200001,1.25e-05
1750258800000,1.25e-05
1750262400001,1.25e-05
1750266000007,1.25e-05
1750269600000,1.25e-05
1750273200002,-2.842e-05
1750276800000,1.25e-05
1750280400000,1.25e-05
1750284000000,1.25e-05
1750287600000,1.25e-05
1750291200005,1.25e-05
1750294800011,-9.137e-05
1750298400001,-0.00021939
1750302000003,-0.00017163
1750305600005,1.25e-05
1750309200001,-5e-06
1750312800000,-0.00017157
1750316400000,1.25e-05
1750320000003,-7.724e-05
1750323600003,-5.804e-05
1750327200008,1.25e-05
1750330800000,1.25e-05
1750334400000,1.25e-05
1750338000001,1.25e-05
1750341600000,-0.00020371
1750345200001,-6.344e-05
1750348800000,-0.00010442
1750352400002,-6.621e-05
1750356000004,1.25e-05
1750359600000,1.25e-05
1750363200000,1.25e-05
1750366800000,1.25e-05
1750370400001,1.25e-05
1750374000004,1.25e-05
1750377600000,1.25e-05
1750381200000,1.25e-05
1750384800000,1.25e-05
1750388400006,1.25e-05
1750392000017,1.25e-05
1750395600001,1.25e-05
1750399200000,1.25e-05
1750402800000,1.25e-05
1750406400002,-4.22e-05
1750410000001,1.25e-05
1750413600000,1.25e-05
1750417200005,-0.00014743
1750420800002,1.25e-05
1750424400000,1.25e-05
1750428000003,-0.00029414
1750431600001,-8.938e-05
1750435200001,9e-08
1750438800001,1.25e-05
1750442400000,1.25e-05
1750446000000,1.25e-05
1750449600000,1.25e-05
1750453200001,1.25e-05
1750456800000,1.25e-05
1750460400005,1.25e-05
1750464000002,1.25e-05
1750467600000,1.25e-05
1750471200000,1.25e-05
1750474800000,1.25e-05
1750478400003,1.25e-05
1750482000006,1.25e-05
1750485600000,1.25e-05
1750489200008,1.25e-05
1750492800005,1.25e-05
1750496400000,1.25e-05
1750500000005,1.25e-05
1750503600000,1.25e-05
1750507200000,1.25e-05
1750510800000,1.25e-05
1750514400000,1.25e-05
1750518000007,1.25e-05
1750521600000,1.25e-05
1750525200005,1.25e-05
1750528800002,1.25e-05
1750532400001,1.25e-05
1750536000002,1.25e-05
1750539600001,1.25e-05
1750543200000,1.25e-05
1750546800000,1.25e-05
1750550400005,1.25e-05
1750554000005,1.25e-05
1750557600000,1.25e-05
1750561200002,1.25e-05
1750564800000,1.25e-05
1750568400001,1.25e-05
1750572000003,1.25e-05
1750575600001,1.25e-05
1750579200000,1.25e-05
1750582800002,1.25e-05
1750586400005,1.25e-05
1750590000000,1.25e-05
1750593600003,1.25e-05
1750597200000,1.25e-05
1750600800000,1.25e-05
1750604400000,1.25e-05
1750608000003,1.25e-05
1750611600001,1.25e-05
1750615200000,1.25e-05
1750618800000,1.25e-05
1750622400005,1.25e-05
1750626000001,1.25e-05
1750629600000,1.25e-05
1750633200000,1.25e-05
1750636800000,1.25e-05
1750640400000,1.25e-05
1750644000000,1.25e-05
1750647600003,1.25e-05
1750651200007,1.25e-05
1750654800000,1.25e-05
1750658400003,1.25e-05
1750662000000,1.25e-05
1750665600004,1.25e-05
1750669200001,1.25e-05
1750672800000,1.25e-05
1750676400000,1.25e-05
1750680000001,1.25e-05
1750683600002,1.25e-05
1750687200003,1.25e-05
1750690800002,-5.524e-05
1750694400013,1.25e-05
1750698000000,1.25e-05
1750701600000,1.25e-05
1750705200000,1.25e-05
1750708800000,1.25e-05
1750712400001,-4.56e-06
1750716000000,1.25e-05
1750719600006,1.25e-05
1750723200003,1.25e-05
1750726800000,1.25e-05
1750730400000,1.25e-05
1750734000006,1.25e-05
1750737600001,1.25e-05
1750741200001,1.25e-05
1750744800005,1.25e-05
1750748400001,1.25e-05
1750752000000,-9.42e-05
1750755600000,1.25e-05
1750759200004,1.25e-05
1750762800001,1.25e-05
1750766400001,1.25e-05
1750770000005,1.25e-05
1750773600000,1.25e-05
1750777200000,1.25e-05
1750780800000,1.25e-05
1750784400001,1.25e-05
1750788000005,1.25e-05
1750791600000,-2.096e-05
1750795200000,1.25e-05
1750798800000,1.25e-05
1750802400001,1.25e-05
1750806000006,1.25e-05
1750809600005,1.25e-05
1750813200001,1.25e-05
1750816800000,-0.0001107
1750820400000,3.51e-06
1750824000000,1.25e-05
1750827600000,-3.939e-05
1750831200000,1.25e-05
1750834800000,1.25e-05
1750838400000,1.25e-05
1750842000000,-1.621e-05
1750845600000,1.25e-05
1750849200000,1.25e-05
1750852800003,1.25e-05
1750856400002,1.25e-05
1750860000001,1.25e-05
1750863600003,1.25e-05
1750867200005,2.24e-06
1750870800000,-5.393e-05
1750874400000,1.25e-05
1750878000000,1.25e-05
1750881600002,-6.41e-06
1750885200000,1.25e-05
1750888800007,-0.00018366
1750892400004,1.25e-05
1750896000000,1.25e-05
1750899600003,1.25e-05
1750903200000,1.25e-05
1750906800002,1.25e-05
1750910400000,-9.29e-06
1750914000000,1.25e-05
1750917600001,1.25e-05
1750921200000,1.25e-05
1750924800006,1.25e-05
1750928400000,1.25e-05
1750932000000,1.25e-05
1750935600000,1.25e-05
1750939200005,1.25e-05
1750942800004,1.25e-05
1750946400000,1.25e-05
1750950000001,-1.743e-05
1750953600007,1.25e-05
1750957200000,1.131e-05
1750960800007,-4.925e-05
1750964400001,1.25e-05
1750968000000,-1.585e-05
1750971600004,-0.00010328
1750975200001,1.25e-05
1750978800000,-1.468e-05
1750982400000,-2.964e-05
1750986000000,-4.441e-05
1750989600000,1.25e-05
1750993200000,1.25e-05
1750996800001,1.25e-05
1751000400005,1.25e-05
1751004000010,-7.446e-05
1751007600002,1.25e-05
1751011200000,1.25e-05
1751014800006,1.25e-05
1751018400000,1.25e-05
1751022000001,1.25e-05
1751025600003,1.25e-05
1751029200000,-9.525e-05
1751032800000,1.25e-05
1751036400003,1.25e-05
1751040000009,1.25e-05
1751043600000,-6.561e-05
1751047200003,-8.044e-05
1751050800000,-8.2e-07
1751054400002,1.25e-05
1751058000001,1.25e-05
1751061600000,1.25e-05
1751065200003,1.25e-05
1751068800001,1.25e-05
1751072400000,1.25e-05
1751076000000,1.25e-05
1751079600000,1.25e-05
1751083200000,1.25e-05
1751086800006,1.25e-05
1751090400000,1.25e-05
1751094000000,1.25e-05
1751097600002,1.25e-05
1751101200000,1.25e-05
1751104800001,1.25e-05
1751108400000,1.25e-05
1751112000000,1.25e-05
1751115600004,1.25e-05
1751119200002,1.25e-05
1751122800004,1.25e-05
1751126400000,1.25e-05
1751130000007,1.25e-05
1751133600000,1.25e-05
1751137200000,1.25e-05
1751140800007,1.25e-05
1751144400001,1.25e-05
1751148000000,1.25e-05
1751151600008,1.25e-05
1751155200004,1.25e-05
1751158800000,1.25e-05
1751162400000,-2.231e-05
1751166000000,1.25e-05
1751169600003,1.25e-05
1751173200001,1.25e-05
1751176800002,1.25e-05
1751180400000,1.25e-05
1751184000001,1.25e-05
1751187600000,1.25e-05
1751191200006,1.25e-05
1751194800007,1.25e-05
1751198400003,1.25e-05
1751202000000,1.25e-05
1751205600000,1.25e-05
1751209200000,1.25e-05
1751212800001,1.25e-05
1751216400001,1.25e-05
1751220000000,1.25e-05
1751223600003,1.25e-05
1751227200003,1.25e-05
1751230800000,1.25e-05
1751234400000,1.25e-05
1751238000000,1.25e-05
1751241600000,1.25e-05
1751245200000,1.25e-05
1751248800006,1.25e-05
1751252400000,1.25e-05
1751256000003,1.25e-05
1751259600000,1.25e-05
1751263200000,1.25e-05
1751266800000,1.25e-05
1751270400005,1.25e-05
1751274000003,1.25e-05
1751277600000,1.25e-05
1751281200002,1.25e-05
1751284800000,1.25e-05
1751288400000,1.25e-05
1751292000000,1.25e-05
1751295600000,1.25e-05
1751299200002,1.25e-05
1751302800003,1.25e-05
1751306400009,1.25e-05
1751310000007,1.25e-05
1751313600000,1.25e-05
1751317200002,1.25e-05
1751320800000,1.25e-05
1751324400001,1.25e-05
1751328000007,1.25e-05
1751331600000,1.25e-05
1751335200009,1.25e-05
1751338800005,-3.11e-05
1751342400000,1.25e-05
1751346000000,1.25e-05
1751349600000,1.25e-05
1751353200000,1.25e-05
1751356800002,1.25e-05
1751360400000,1.25e-05
1751364000000,1.25e-05
1751367600000,1.25e-05
1751371200000,1.25e-05
1751374800000,-8.078e-05
1751378400000,1.25e-05
1751382000000,1.25e-05
1751385600000,1.25e-05
1751389200007,1.25e-05
1751392800000,1.25e-05
1751396400000,1.25e-05
1751400000000,1.25e-05
1751403600000,-7.08e-05
1751407200002,1.25e-05
1751410800002,1.25e-05
1751414400001,1.25e-05
1751418000002,-0.0001151
1751421600004,1.25e-05
1751425200001,-2.511e-05
1751428800001,-7.368e-05
1751432400000,1.25e-05
1751436000005,1.25e-05
1751439600000,1.25e-05
1751443200000,1.25e-05
1751446800000,1.25e-05
1751450400000,1.25e-05
1751454000000,1.25e-05
1751457600001,1.25e-05
1751461200001,1.25e-05
1751464800000,1.25e-05
1751468400003,1.25e-05
1751472000003,1.25e-05
1751475600000,1.25e-05
1751479200000,1.25e-05
1751482800000,1.25e-05
1751486400000,1.25e-05
1751490000000,1.25e-05
1751493600004,1.25e-05
1751497200000,1.25e-05
1751500800006,1.25e-05
1751504400000,1.25e-05
1751508000000,1.25e-05
1751511600000,1.25e-05
1751515200002,1.25e-05
1751518800001,1.25e-05
1751522400000,1.25e-05
1751526000002,1.25e-05
1751529600003,1.25e-05
1751533200003,1.25e-05
1751536800000,1.25e-05
1751540400011,1.037e-05
1751544000001,1.25e-05
1751547600002,1.25e-05
1751551200000,1.25e-05
1751554800002,1.25e-05
1751558400003,1.25e-05
1751562000005,1.25e-05
1751565600002,1.25e-05
1751569200001,1.25e-05
1751572800000,1.25e-05
1751576400001,1.25e-05
1751580000003,1.25e-05
1751583600001,1.25e-05
1751587200005,1.25e-05
1751590800000,1.25e-05
1751594400001,1.25e-05
1751598000006,1.25e-05
1751601600002,4.45e-06
1751605200002,-3.41e-06
1751608800002,1.25e-05
1751612400004,1.25e-05
1751616000003,1.25e-05
1751619600007,-1.074e-05
1751623200002,1.25e-05
1751626800000,1.25e-05
1751630400000,1.25e-05
1751634000003,1.25e-05
1751637600004,1.25e-05
1751641200003,1.25e-05
1751644800001,1.25e-05
1751648400000,8.39e-06
1751652000000,-1.082e-05
1751655600000,1.25e-05
1751659200000,-0.00010689
1751662800002,1.141e-05
1751666400002,1.25e-05
1751670000002,1.25e-05
1751673600004,1.25e-05
1751677200002,1.25e-05
1751680800003,1.002e-05
1751684400001,1.25e-05
1751688000005,1.25e-05
1751691600009,-8.936e-05
1751695200001,1.25e-05
1751698800001,1.25e-05
1751702400009,1.25e-05
1751706000009,1.25e-05
1751709600004,1.25e-05
1751713200002,-6.539e-05
1751716800000,-0.0001056
1751720400004,-9.31e-05
1751724000002,-9.075e-05
1751727600007,1.202e-05
1751731200006,-9.202e-05
1751734800000,1.25e-05
1751738400005,-1.673e-05
1751742000002,-1.755e-05
1751745600000,1.25e-05
1751749200007,1.25e-05
1751752800000,1.25e-05
1751756400003,1.25e-05
1751760000001,1.25e-05
1751763600006,1.25e-05
1751767200009,1.25e-05
1751770800006,-3.522e-05
1751774400000,-5.81e-06
1751778000000,1.25e-05
1751781600010,1.25e-05
1751785200001,1.25e-05
1751788800002,-6.56e-06
1751792400000,1.25e-05
1751796000002,1.25e-05
1751799600002,1.25e-05
1751803200001,1.25e-05
1751806800000,1.25e-05
1751810400000,1.25e-05
1751814000000,1.25e-05
1751817600004,1.25e-05
1751821200006,1.25e-05
1751824800000,1.25e-05
1751828400003,1.25e-05
1751832000006,1.25e-05
1751835600000,1.25e-05
1751839200002,1.25e-05
1751842800009,1.25e-05
1751846400000,1.25e-05
1751850000004,1.25e-05
1751853600000,1.25e-05
1751857200004,1.25e-05
1751860800000,1.25e-05
1751864400000,1.25e-05
1751868000001,1.25e-05
1751871600002,1.25e-05
1751875200007,1.25e-05
1751878800002,1.25e-05
1751882400000,1.25e-05
1751886000000,1.25e-05
1751889600000,1.25e-05
1751893200000,1.25e-05
1751896800000,1.25e-05
1751900400007,1.25e-05
1751904000000,1.25e-05
1751907600003,1.25e-05
1751911200000,1.25e-05
1751914800000,1.25e-05
1751918400013,1.25e-05
1751922000002,-4.99e-06
1751925600000,1.25e-05
1751929200001,1.25e-05
1751932800010,1.25e-05
1751936400003,1.25e-05
1751940000001,1.25e-05
1751943600000,1.25e-05
1751947200000,1.25e-05
1751950800001,1.25e-05
1751954400000,1.25e-05
1751958000004,1.25e-05
1751961600003,1.25e-05
1751965200006,1.25e-05
1751968800005,1.25e-05
1751972400005,1.25e-05
1751976000004,1.25e-05
1751979600000,1.25e-05
1751983200000,1.25e-05
1751986800000,1.25e-05
1751990400000,1.25e-05
1751994000005,1.25e-05
1751997600000,1.25e-05
1752001200006,1.25e-05
1752004800002,1.25e-05
1752008400001,1.25e-05
1752012000004,1.25e-05
1752015600004,1.25e-05
1752019200002,1.25e-05
1752022800000,1.25e-05
1752026400002,1.25e-05
1752030000003,1.25e-05
1752033600010,1.25e-05
1752037200001,1.25e-05
1752040800000,1.25e-05
1752044400002,1.25e-05
1752048000006,1.25e-05
1752051600005,1.25e-05
1752055200006,1.25e-05
1752058800001,1.25e-05
1752062400000,1.25e-05
1752066000000,1.25e-05
1752069600011,1.25e-05
1752073200014,1.25e-05
1752076800001,1.25e-05
1752080400002,1.25e-05
1752084000000,1.25e-05
1752087600007,1.25e-05
1752091200007,1.25e-05
1752094800000,1.25e-05
1752098400005,1.25e-05
1752102000000,1.25e-05
1752105600003,1.25e-05
1752109200002,1.25e-05
1752112800001,1.25e-05
1752116400004,1.25e-05
1752120000001,1.25e-05
1752123600006,1.25e-05
1752127200000,1.25e-05
1752130800004,1.25e-05
1752134400000,1.25e-05
1752138000003,1.25e-05
1752141600002,1.25e-05
1752145200000,1.25e-05
1752148800001,1.25e-05
1752152400001,1.25e-05
1752156000002,1.25e-05
1752159600000,1.25e-05
1752163200004,1.25e-05
1752166800007,1.25e-05
1752170400000,1.25e-05
1752174000001,1.25e-05
1752177600000,1.25e-05
1752181200006,1.25e-05
1752184800000,1.25e-05
1752188400004,1.25e-05
1752192000004,1.25e-05
1752195600000,1.25e-05
1752199200007,1.25e-05
1752202800006,1.25e-05
1752206400001,1.25e-05
1752210000007,1.25e-05
1752213600001,1.25e-05
1752217200001,1.25e-05
1752220800007,1.25e-05
1752224400000,1.25e-05
1752228000000,1.25e-05
1752231600004,1.25e-05
1752235200000,1.25e-05
1752238800006,1.25e-05
1752242400000,1.25e-05
1752246000001,1.25e-05
1752249600001,1.25e-05
1752253200000,1.25e-05
1752256800006,1.25e-05
1752260400005,1.25e-05
1752264000006,1.25e-05
1752267600003,1.25e-05
1752271200002,1.25e-05
1752274800000,1.25e-05
1752278400000,1.25e-05
1752282000000,1.25e-05
1752285600002,1.25e-05
1752289200003,1.25e-05
1752292800005,1.25e-05
1752296400006,1.25e-05
1752300000005,1.25e-05
1752303600005,1.25e-05
1752307200001,1.25e-05
1752310800005,1.25e-05
1752314400004,1.25e-05
1752318000000,1.25e-05
1752321600007,1.25e-05
1752325200006,1.25e-05
1752328800001,1.25e-05
1752332400001,1.25e-05
1752336000002,1.25e-05
1752339600001,1.25e-05
1752343200000,1.25e-05
1752346800000,1.25e-05
1752350400003,1.25e-05
1752354000002,1.25e-05
1752357600003,1.25e-05
1752361200000,1.25e-05
1752364800006,1.25e-05
1752368400000,1.25e-05
1752372000003,1.25e-05
1752375600001,1.25e-05
1752379200001,1.25e-05
1752382800001,1.25e-05
1752386400008,1.25e-05
1752390000005,1.25e-05
1752393600001,1.25e-05
1752397200002,1.25e-05
1752400800001,1.25e-05
1752404400000,1.25e-05
1752408000003,1.25e-05
1752411600000,1.25e-05
1752415200003,1.25e-05
1752418800001,1.25e-05
1752422400003,1.25e-05
1752426000001,1.25e-05
1752429600003,1.25e-05
1752433200008,1.25e-05
1752436800008,1.25e-05
1752440400001,1.25e-05
1752444000002,1.25e-05
1752447600000,1.25e-05
1752451200000,1.25e-05
1752454800007,1.25e-05
1752458400003,1.25e-05
1752462000002,1.25e-05
1752465600000,1.25e-05
1752469200004,1.25e-05
1752472800000,1.25e-05
1752476400002,1.25e-05
1752480000000,1.25e-05
1752483600002,1.25e-05
1752487200001,1.25e-05
1752490800000,1.25e-05
1752494400001,1.25e-05
1752498000001,1.25e-05
1752501600000,1.25e-05
1752505200005,1.25e-05
1752508800000,1.25e-05
1752512400006,1.25e-05
1752516000005,1.25e-05
1752519600004,1.25e-05
1752523200003,1.25e-05
1752526800005,1.25e-05
1752530400000,1.25e-05
1752534000003,1.25e-05
1752537600002,1.25e-05
1752541200002,1.25e-05
1752544800009,1.25e-05
1752548400002,1.25e-05
1752552000008,1.25e-05
1752555600000,1.25e-05
1752559200000,1.25e-05
1752562800007,1.25e-05
1752566400000,1.25e-05
1752570000005,1.25e-05
1752573600000,1.25e-05
1752577200004,1.25e-05
1752580800000,1.25e-05
1752584400004,1.25e-05
1752588000002,1.25e-05
1752591600000,1.25e-05
1752595200000,1.25e-05
1752598800004,1.25e-05
1752602400000,1.25e-05
1752606000007,1.25e-05
1752609600005,1.25e-05
1752613200003,1.25e-05
1752616800000,1.25e-05
1752620400002,1.25e-05
1752624000000,1.25e-05
1752627600001,1.25e-05
1752631200000,1.25e-05
1752634800003,1.25e-05
1752638400000,1.25e-05
1752642000010,1.25e-05
1752645600003,1.25e-05
1752649200000,1.25e-05
1752652800000,1.25e-05
1752656400008,1.25e-05
1752660000001,1.25e-05
1752663600005,1.25e-05
1752667200005,1.25e-05
1752670800011,1.25e-05
1752674400000,1.25e-05
1752678000002,1.25e-05
1752681600008,1.25e-05
1752685200000,1.25e-05
1752688800000,1.25e-05
1752692400003,1.25e-05
1752696000000,1.25e-05
1752699600002,1.25e-05
1752703200000,1.25e-05
1752706800008,1.25e-05
1752710400003,1.25e-05
1752714000009,1.25e-05
1752717600001,1.25e-05
1752721200001,1.25e-05
1752724800000,1.25e-05
1752728400003,1.25e-05
1752732000004,1.25e-05
1752735600001,1.25e-05
1752739200000,1.25e-05
1752742800000,1.25e-05
1752746400003,1.25e-05
1752750000000,1.25e-05
1752753600000,1.25e-05
1752757200003,1.25e-05
1752760800007,1.25e-05
1752764400005,1.25e-05
1752768000000,1.25e-05
1752771600000,1.25e-05
1752775200000,1.25e-05
1752778800004,1.25e-05
1752782400000,1.25e-05
1752786000003,1.25e-05
1752789600000,1.25e-05
1752793200012,1.25e-05
1752796800004,1.25e-05
1752800400004,1.25e-05
1752804000000,1.25e-05
1752807600000,1.25e-05
1752811200000,1.25e-05
1752814800000,1.25e-05
1752818400001,1.25e-05
1752822000000,1.25e-05
1752825600000,1.25e-05
1752829200006,6.022e-05
1752832800006,1.25e-05
1752836400005,1.25e-05
1752840000000,1.25e-05
1752843600001,1.25e-05
1752847200006,1.25e-05
1752850800007,1.25e-05
1752854400000,5e-05
1752868800010,5e-05
1752883200009,5e-05
1752897600000,5e-05
1752912000000,5e-05
1752926400000,5e-05
1752940800002,5e-05
1752955200002,5e-05
1752969600000,5e-05
1752984000007,5e-05
1752998400000,5e-05
1753012800003,5e-05
1753027200000,5e-05
1753041600013,5e-05
1753056000001,5e-05
1753070400001,5e-05
1753084800000,5e-05
1753099200001,5e-05
1753113600001,5e-05
1753128000003,5e-05
1753142400000,5e-05
1753156800001,5e-05
1753171200010,5e-05
1753185600001,5e-05
1753200000007,5e-05
1753214400001,5e-05
1753228800000,5e-05
1753243200010,5e-05
1753257600004,5e-05
1753272000002,5e-05
1753286400002,5e-05
1753300800005,5e-05
1753315200000,5e-05
1753329600001,5e-05
1753344000001,5e-05
1753358400000,5e-05
1753372800000,5e-05
1753387200001,6.4e-07
1753401600000,5e-05
1753416000001,-0.00116903
1753430400000,-0.00093902
1753444800000,-0.00045377
1753459200000,-0.00047403
1753473600000,-0.00037601
1753488000001,-0.0001401
1753502400001,5e-05
1753516800005,5e-05
1753531200004,5e-05
1753545600001,5e-05
1753560000000,5e-05
1753574400001,5e-05
1753588800000,5e-05
1753603200000,5e-05
1753617600000,5e-05
1753632000008,5e-05
1753646400002,5e-05
1753660800005,5e-05
1753675200001,5e-05
1753689600000,5e-05
1753704000000,5e-05
1753718400000,5e-05
1753732800005,5e-05
1753747200001,5e-05
1753761600001,5e-05
1753776000000,5e-05
1753790400001,5e-05
1753804800000,5e-05
1753819200000,5e-05
1753833600011,5e-05
1753848000000,5e-05
1753862400000,5e-05
1753876800003,5e-05
1753891200008,5e-05
1753905600000,5e-05
1753920000000,5e-05
1753934400010,5e-05
1753948800009,5e-05
1753963200003,5e-05
1753977600000,5e-05
1753992000000,5e-05
1754006400001,5e-05
1754020800000,5e-05
1754035200003,5e-05
1754049600001,5e-05
1754064000000,5e-05
1754078400004,5e-05
1754092800004,5e-05
1754107200000,5e-05
1754121600000,5e-05
1754136000005,5e-05
1754150400000,5e-05
1754164800001,5e-05
1754179200000,5e-05
1754193600000,5e-05
1754208000000,-9.135e-05
1754222400001,-3.96e-06
1754236800003,5e-05
1754251200002,5e-05
1754265600004,5e-05
1754280000000,5e-05
1754294400000,5e-05
1754308800006,2.417e-05
1754323200002,7.18e-06
1754337600007,5e-05
1754352000000,5e-05
1754366400000,-5.884e-05
1754380800000,5e-05
1754395200004,5e-05
1754409600000,5e-05
1754424000003,5e-05
1754438400005,5e-05
1754452800000,5e-05
1754467200000,5e-05
1754481600000,5e-05
1754496000000,5e-05
1754510400000,5e-05
1754524800003,5e-05
1754539200004,5e-05
1754553600002,5e-05
1754568000001,5e-05
1754582400002,5e-05
1754596800001,5e-05
1754611200002,5e-05
1754625600010,5e-05
1754640000004,5e-05
1754654400003,1.805e-05
1754668800000,5e-05
1754683200004,5e-05
1754697600005,5e-05
1754712000015,5e-05
1754726400000,5e-05
1754740800003,5e-05
1754755200007,5e-05
1754769600000,5e-05
1754784000003,5e-05
1754798400006,5e-05
1754812800005,5e-05
1754827200006,5e-05
1754841600002,5e-05
1754856000000,5e-05
1754870400000,2.598e-05
1754884800000,5e-05
1754899200000,5e-05
1754913600000,5e-05
1754928000000,5e-05
1754942400000,5e-05
1754956800000,5e-05
1754971200001,5e-05
1754985600001,5e-05
1755000000000,5e-05
1755014400005,5e-05
1755028800000,5e-05
1755043200000,5e-05
1755057600000,5e-05
1755072000002,5e-05
1755086400000,5e-05
1755100800006,5e-05
1755115200001,5e-05
1755129600002,5e-05
1755144000009,5e-05
1755158400003,5e-05
1755172800001,5e-05
1755187200000,5e-05
1755201600002,5e-05
1755216000000,5e-05
1755230400000,5e-05
1755244800000,5e-05
1755259200001,5e-05
1755273600000,5.17e-06
1755288000007,5e-05
1755302400004,5e-05
1755316800000,5e-05
1755331200000,5e-05
1755345600004,5e-05
1755360000002,5e-05
1755374400006,5e-05
1755388800000,5e-05
1755403200000,5e-05
1755417600001,5e-05
1755432000002,5e-05
1755446400007,5e-05
1755460800001,5e-05
1755475200000,5e-05
1755489600010,5e-05
1755504000001,4.01e-06
1755518400002,1.556e-05
1755532800002,5e-05
1755547200007,5e-05
1755561600000,5e-05
1755576000000,4.938e-05
1755590400001,-2.182e-05
1755604800001,4.4e-07
1755619200000,-3.526e-05
1755633600000,9e-08
1755648000000,-5.74e-05
1755662400000,5e-05
1755676800000,5e-05
1755691200002,5e-05
1755705600000,5e-05
1755720000001,5e-05
1755734400006,5e-05
1755748800003,5e-05
1755763200000,5e-05
1755777600009,5e-05
1755792000003,5e-05
1755806400000,5e-05
1755820800010,5e-05
1755835200003,5e-05
1755849600007,5e-05
1755864000001,5e-05
1755878400001,5e-05
1755892800004,5e-05
1755907200004,5e-05
1755921600000,5e-05
1755936000006,5e-05
1755950400000,5e-05
1755964800000,5e-05
1755979200005,5e-05
1755993600001,5e-05
1756008000000,5e-05
1756022400002,5e-05
1756036800003,5e-05
1756051200001,5e-05
1756065600008,5e-05
1756080000000,5e-05
1756094400001,5e-05
1756108800002,5e-05
1756123200000,5e-05
1756137600002,5e-05
1756152000003,4.739e-05
1756166400000,5e-05
1756180800007,5e-05
1756195200000,5e-05
1756209600001,5e-05
1756224000000,5e-05
1756238400000,5e-05
1756252800003,3.041e-05
1756267200000,5e-05
1756281600000,-3.58e-05
1756296000003,5e-05
1756310400009,5e-05
1756324800001,5e-05
1756339200000,5e-05
1756353600000,5e-05
1756368000005,5e-05
1756382400000,5e-05
1756396800004,5e-05
1756411200003,5e-05
1756425600000,5e-05
1756440000008,5e-05
1756454400000,5e-05
1756468800010,5e-05
1756483200005,5e-05
1756497600000,5e-05
1756512000000,5e-05
1756526400000,5e-05
1756540800002,5e-05
1756555200006,5e-05
1756569600003,5e-05
1756584000000,5e-05
1756598400016,5e-05
1756612800000,5e-05
1756627200000,5e-05
1756641600003,5e-05
1756656000001,5e-05
1756670400000,5e-05
1756684800000,5e-05
1756699200005,5e-05
1756713600000,5e-05
1756728000014,5e-05
1756742400001,5e-05
1756756800008,5e-05
1756771200000,5e-05
1756785600009,5e-05
1756800000005,5e-05
1756814400003,5e-05
1756828800007,5e-05
1756843200001,5e-05
1756857600006,5e-05
1756872000003,5e-05
1756886400002,5e-05
1756900800000,5e-05
1756915200002,5e-05
1756929600006,5e-05
1756944000002,5e-05
1756958400000,5e-05
1756972800000,5e-05
1756987200002,5e-05
1757001600000,5e-05
1757016000000,5e-05
1757030400001,5e-05
1757044800000,5e-05
1757059200006,5e-05
1757073600001,5e-05
1757088000000,5e-05
1757102400000,5e-05
1757116800000,5e-05
1757131200000,5e-05
1757145600005,5e-05
1757160000000,5e-05
1757174400000,5e-05
1757188800001,5e-05
1757203200000,5e-05
1757217600008,5e-05
1757232000000,5e-05
1757246400000,5e-05
1757260800000,5e-05
1757275200003,5e-05
1757289600007,5e-05
1757304000008,5e-05
1757318400000,5e-05
1757332800005,5e-05
1757347200000,5e-05
1757361600001,5e-05
1757376000000,5e-05
1757390400000,5e-05
1757404800000,5e-05
1757419200004,5e-05
1757433600000,5e-05
1757448000000,5e-05
1757462400000,5e-05
1757476800001,3.416e-05
1757491200002,5e-05
1757505600004,5e-05
1757520000000,5e-05
1757534400007,-0.00010022
1757548800000,5e-05
1757563200003,5e-05
1757577600000,5e-05
1757592000005,5e-05
1757606400001,5e-05
1757620800001,5e-05
1757635200002,5e-05
1757649600004,5e-05
1757664000001,5e-05
1757678400001,5e-05
1757692800005,5e-05
1757707200000,5e-05
1757721600005,5e-05
1757736000002,5e-05
1757750400002,5e-05
1757764800005,5e-05
1757779200000,5e-05
1757793600001,5e-05
1757808000006,5e-05
1757822400001,5e-05
1757836800000,5e-05
1757851200004,5e-05
1757865600001,5e-05
1757880000000,5e-05
1757894400006,5e-05
1757908800000,5e-05
1757923200002,5e-05
1757937600003,5e-05
1757952000001,5e-05
1757966400001,5e-05
1757980800001,5e-05
1757995200000,5e-05
1758009600000,5e-05
1758024000002,5e-05
1758038400000,5e-05
1758052800004,5e-05
1758067200001,5e-05
1758081600004,5e-05
1758096000000,5e-05
1758110400000,5e-05
1758124800003,5e-05
1758139200000,5e-05
1758153600006,5e-05
1758168000001,5e-05
1758182400002,5e-05
1758196800000,5e-05
1758211200000,5e-05
1758225600008,5e-05
1758240000000,5e-05
1758254400003,5e-05
1758268800005,5e-05
1758283200000,5e-05
1758297600000,5e-05
1758312000004,5e-05
1758326400000,5e-05
1758340800000,5e-05
1758355200000,5e-05
1758369600008,5e-05
1758384000002,5e-05
1758398400000,5e-05
1758412800000,5e-05
1758427200002,5e-05
1758441600000,5e-05
1758456000002,5e-05
1758470400000,5e-05
1758484800000,5e-05
1758499200005,5e-05
1758513600000,5e-05
1758528000003,5e-05
1758542400005,-7.92e-06
1758556800000,-1.781e-05
1758571200001,5e-05
1758585600000,6.06e-06
1758600000012,5e-05
1758614400001,5e-05
1758628800000,5e-05
1758643200000,5e-05
1758657600001,1.726e-05
1758672000003,5e-05
1758686400000,-1.452e-05
1758700800001,5e-05
1758715200001,5e-05
1758729600002,5e-05
1758744000001,5e-05
1758758400000,5.64e-06
1758772800000,-1.605e-05
1758787200001,5e-05
1758801600000,5e-05
1758816000000,5e-05
1758830400000,4.933e-05
1758844800000,5e-05
1758859200002,1.278e-05
1758873600000,5e-05
1758888000000,5e-05
1758902400008,5e-05
1758916800005,5e-05
1758931200000,5e-05
1758945600000,5e-05
1758960000010,5e-05
1758974400003,5e-05
1758988800003,5e-05
1759003200002,5e-05
1759017600000,5e-05
1759032000002,5e-05
1759046400000,5e-05
1759060800000,5e-05
1759075200000,5e-05
1759089600004,1.606e-05
1759104000000,5e-05
1759118400000,5e-05
1759132800002,5e-05
1759147200000,5e-05
1759161600001,5e-05
1759176000000,5e-05
1759190400002,5e-05
1759204800000,5e-05
1759219200005,5e-05
1759233600000,5e-05
1759248000000,5e-05
1759262400000,5e-05
1759276800000,5e-05
1759291200008,5e-05
1759305600000,5e-05
1759320000007,5e-05
1759334400000,5e-05
1759348800001,5e-05
1759363200000,5e-05
1759377600001,5e-05
1759392000013,5e-05
1759406400000,5e-05
1759420800000,5e-05
1759435200000,5e-05
1759449600006,5e-05
1759464000000,5e-05
1759478400006,5e-05
1759492800000,5e-05
1759507200000,5e-05
1759521600002,5e-05
1759536000001,5e-05
1759550400006,5e-05
1759564800000,5e-05
1759579200000,5e-05
1759593600000,5e-05
1759608000003,5e-05
1759622400000,5e-05
1759636800000,5e-05
1759651200003,5e-05
1759665600000,5e-05
1759680000009,5e-05
1759694400004,5e-05
1759708800004,5e-05
1759723200003,5e-05
1759737600002,5e-05
1759752000000,5e-05
1759766400004,5e-05
1759780800002,5e-05
1759795200000,5e-05
1759809600001,5e-05
1759824000003,5e-05
1759838400005,5e-05
1759852800000,5e-05
1759867200002,5e-05
1759881600000,5e-05
1759896000002,5e-05
1759910400006,5e-05
1759924800003,5e-05
1759939200002,5e-05
1759953600000,5e-05
1759968000001,5e-05
1759982400003,5e-05
1759996800000,5e-05
1760011200002,5e-05
1760025600000,5e-05
1760040000010,5e-05
1760054400005,5e-05
1760068800001,5e-05
1760083200002,5e-05
1760097600004,5e-05
1760112000014,5e-05
1760126400003,5e-05
1760140800000,-0.00044842
1760155200000,5e-05
1760169600003,-8.413e-05
1760184000003,-0.00029587
1760198400000,-9.304e-05
1760212800001,-0.00019402
1760227200004,-3.294e-05
1760241600001,7.06e-06
1760256000002,-5.608e-05
1760270400001,5e-05
1760284800000,-7.17e-05
1760299200000,5e-05
1760313600003,5e-05
1760328000000,5e-05
1760342400002,1.025e-05
1760356800001,-1.1e-06
1760371200003,2.514e-05
1760385600002,5e-05
1760400000000,5e-05
1760414400000,5e-05
1760428800000,3.67e-05
1760443200000,3.472e-05
1760457600000,4.92e-05
1760472000000,5e-05
1760486400006,4.113e-05
1760500800001,-3.681e-05
1760515200002,-6.32e-06
1760529600005,-1.827e-05
1760544000000,-4.01e-05
1760558400004,2.767e-05
1760572800000,-0.00011895
1760587200000,-6.862e-05
1760601600003,-0.00017922
1760616000000,-5.02e-06
1760630400002,-3.338e-05
1760644800003,-2.846e-05
1760659200001,5e-05
1760673600001,5e-05
1760688000005,5e-05
1760702400000,5e-05
1760716800003,5e-05
1760731200004,5e-05
1760745600000,5e-05
1760760000000,5e-05
1760774400002,5e-05
1760788800007,-0.00097834
1760803200001,-0.000184
1760817600000,-0.00023005
1760832000001,-0.00029062
1760846400000,-0.00014389
1760860800001,-0.00015998
1760875200000,-6.849e-05
1760889600001,1.122e-05
1760904000000,5e-05
1760918400004,5e-05
1760932800000,5e-05
1760947200001,5e-05
1760961600000,5e-05
1760976000000,5e-05
1760990400000,5e-05
1761004800009,5e-05
1761019200003,5e-05
1761033600000,5e-05
1761048000000,5e-05
1761062400000,5e-05
1761076800001,5e-05
1761091200004,1.076e-05
1761105600000,2.802e-05
1761120000000,5e-05
1761134400000,5e-05
1761148800000,5e-05
1761163200004,5e-05
1761177600000,5e-05
1761192000000,5e-05
1761206400001,5e-05
1761220800000,5e-05
1761235200004,5e-05
1761249600000,5e-05
1761264000000,5e-05
1761278400002,5e-05
1761292800000,5e-05
1761307200002,5e-05
1761321600009,5e-05
1761336000000,5e-05
1761350400000,5e-05
1761364800000,5e-05
1761379200001,5e-05
1761393600000,4.031e-05
1761408000001,5e-05
1761422400002,5e-05
1761436800001,5e-05
1761451200000,-1.552e-05
1761465600001,5e-05
1761480000002,5e-05
1761494400000,5e-05
1761508800000,5e-05
1761523200000,5e-05
1761537600000,5e-05
1761552000005,5e-05
1761566400003,5e-05
1761580800000,5e-05
1761595200001,3.89e-05
1761609600000,5e-05
1761624000004,5e-05
1761638400000,5e-05
1761652800000,5e-05
1761667200004,5e-05
1761681600004,5e-05
1761696000004,2.583e-05
1761710400005,5e-05
1761724800005,5e-05
1761739200011,5e-05
1761753600000,5e-05
1761768000008,5e-05
1761782400004,5e-05
1761796800001,5e-05
1761811200008,5e-05
1761825600006,-4.909e-05
1761840000001,1.546e-05
1761854400000,1.461e-05
1761868800000,4.281e-05
1761883200000,5e-05
1761897600008,5e-05
1761912000008,3.494e-05
1761926400007,-5.302e-05
1761940800001,5e-05
1761955200001,5e-05
1761969600000,5e-05
1761984000000,4.653e-05
1761998400000,3.09e-06
1762012800000,5e-05
1762027200003,5e-05
1762041600007,5e-05
1762056000002,-6.7e-06
1762070400000,-4.642e-05
1762084800001,2.571e-05
1762099200001,-1.787e-05
1762113600001,5e-05
1762128000000,5e-05
1762142400003,2.845e-05
1762156800010,5e-05
1762171200002,5e-05
1762185600000,1.384e-05
1762200000008,5e-05
1762214400002,5e-05
1762228800000,5e-05
1762243200004,3.327e-05
1762257600000,5e-05
1762272000000,1.645e-05
1762286400001,2.423e-05
1762300800000,5e-05
1762315200005,4.741e-05
1762329600000,5e-05
1762344000000,4.201e-05
1762358400004,4.809e-05
1762372800001,5e-05
1762387200001,5e-05
1762401600009,5e-05
1762416000000,4.635e-05
1762430400001,5e-05
1762444800001,5e-05
1762459200006,5e-05
1762473600005,5e-05
1762488000000,5e-05
1762502400003,5e-05
1762516800005,5e-05
1762531200005,5e-05
1762545600000,5e-05
1762560000011,5e-05
1762574400001,5e-05
1762588800015,5e-05
1762603200000,5e-05
1762617600001,5e-05
1762632000006,5e-05
1762646400004,5e-05
1762660800000,5e-05
1762675200000,5e-05
1762689600000,5e-05
1762704000005,5e-05
1762718400010,5e-05
1762732800000,5e-05
1762747200005,3.921e-05
1762761600000,5e-05
1762776000003,5e-05
1762790400003,5e-05
1762804800000,5e-05
1762819200007,5e-05
1762833600003,5e-05
1762848000000,1.293e-05
1762862400002,5e-05
1762876800009,5e-05
1762891200000,5e-05
1762905600000,5e-05
1762920000000,5e-05
1762934400002,5e-05
1762948800000,5e-05
1762963200000,5e-05
1762977600001,5e-05
1762992000002,5e-05
1763006400000,5e-05
1763020800000,5e-05
1763035200001,5e-05
1763049600001,5e-05
1763064000004,5e-05
1763078400000,5e-05
1763092800000,3.472e-05
1763107200000,-2.21e-05
1763121600001,5e-05
1763136000001,5e-05
1763150400000,1.29e-05
1763164800005,4.385e-05
1763179200015,5e-05
1763193600000,5e-05
1763208000008,5e-05
1763222400001,5e-05
1763236800003,5e-05
1763251200001,5e-05
1763265600003,5e-05
1763280000000,5e-05
1763294400003,5e-05
1763308800000,5e-05
1763323200000,5e-05
1763337600003,5e-05
1763352000001,5e-05
1763366400003,5e-05
1763380800000,-9.52e-06
1763395200000,5e-05
1763409600003,5e-05
1763424000002,5e-05
1763438400000,5e-05
1763452800004,5e-05
1763467200000,5e-05
1763481600000,5e-05
1763496000002,5e-05
1763510400000,5e-05
1763524800000,2.795e-05
1763539200000,5e-05
1763553600000,5e-05
1763568000008,5e-05
1763582400000,5e-05
1763596800000,5e-05
1763611200006,5e-05
1763625600000,5e-05
1763640000003,2.325e-05
1763654400000,9.47e-06
1763668800002,5e-05
1763683200001,5e-05
1763697600000,5e-05
1763712000000,5e-05
1763726400001,1.08e-06
1763740800001,9.72e-06
1763755200000,5e-05
1763769600004,5e-05
1763784000000,5e-05
1763798400000,5e-05
1763812800000,5e-05
1763827200000,5e-05
1763841600001,5e-05
1763856000000,5e-05
1763870400000,9.76e-06
1763884800008,5e-05
1763899200000,5e-05
1763913600003,5e-05
1763928000003,5e-05
1763942400004,5e-05
1763956800000,5e-05
1763971200000,5e-05
1763985600000,5e-05
1764000000006,5e-05
1764014400003,5e-05
1764028800000,5e-05
1764043200000,5e-05
1764057600009,5e-05
1764072000002,5e-05
1764086400007,5e-05
1764100800009,5e-05
1764115200001,5e-05
1764129600006,5e-05
1764144000001,5e-05
1764158400001,5e-05
1764172800000,5e-05
1764187200001,5e-05
1764201600013,5e-05
1764216000007,5e-05
1764230400000,5e-05
1764244800002,5e-05
1764259200004,5e-05
1764273600004,5e-05
1764288000008,5e-05
1764302400000,5e-05
1764316800000,5e-05
1764331200004,5e-05
1764345600008,5e-05
1764360000010,5e-05
1764374400000,5e-05
1764388800002,5e-05
1764403200005,5e-05
1764417600003,5e-05
1764432000001,5e-05
1764446400000,5e-05
1764460800003,5e-05
1764475200004,5e-05
1764489600000,5e-05
1764504000000,5e-05
1764518400004,5e-05
1764532800006,-4.796e-05
1764547200000,-2.131e-05
1764561600000,5e-05
1764576000004,5e-05
1764590400000,5e-05
1764604800000,5e-05
1764619200000,5e-05
1764633600004,5e-05
1764648000000,5e-05
1764662400000,5e-05
1764676800004,5e-05
1764691200000,3.063e-05
1764705600000,5e-05
1764720000000,5e-05
1764734400004,2.98e-05
1764748800000,5e-05
1764763200001,5e-05
1764777600005,4.391e-05
1764792000002,5e-05
1764806400012,3.345e-05
1764820800000,3.68e-05
1764835200000,5e-05
1764849600005,5e-05
1764864000011,5e-05
1764878400000,5e-05
1764892800000,5e-05
1764907200000,4.618e-05
1764921600000,5e-05
1764936000001,-3.003e-05
1764950400010,-1.437e-05
1764964800001,5e-05
1764979200001,5e-05
1764993600000,-6.048e-05
1765008000001,-7.75e-06
1765022400000,5e-05
1765036800008,5e-05
1765051200000,5e-05
1765065600000,-4.15e-05
1765080000000,5e-05
1765094400004,5e-05
1765108800004,5e-05
1765123200000,5e-05
1765137600000,5e-05
1765152000000,1.387e-05
1765166400000,5e-05
1765180800000,5e-05
1765195200001,5e-05
1765209600001,5e-05
1765224000000,5e-05
1765238400001,5e-05
1765252800004,5e-05
1765267200001,5e-05
1765281600000,5e-05
1765296000007,5e-05
1765310400001,5e-05
1765324800007,-0.00034789
1765339200012,-0.00021431
1765353600002,-0.0056549
1765368000000,-0.00138114
1765382400012,-0.00101439
1765396800000,-0.00111165
1765411200001,-0.001793
1765425600000,-0.00043062
1765440000000,-0.00095601
1765454400000,-0.00016727
1765468800000,-0.00019349
1765483200001,5e-05
1765497600005,-1.391e-05
1765512000000,4.606e-05
1765526400007,-0.00320552
1765540800000,-0.00307902
1765555200002,-0.00047477
1765569600004,-0.00073269
1765584000001,-0.00142995
1765598400006,-0.00103926
1765612800006,-0.00023251
1765627200002,-0.00024423
1765641600000,-6.723e-05
1765656000000,-0.00020117
1765670400000,-0.00028353
1765684800001,-0.0020319
1765699200003,-0.00473497
1765713600000,-0.00082184
1765728000005,-0.00105745
1765742400000,-0.00077105
1765756800000,-0.001343
1765771200001,-0.00022167
1765785600000,-0.00037755
1765800000000,-0.00030397
1765814400000,-0.00057379
1765828800000,-0.00039524
1765843200002,-0.00040325
1765857600000,-0.00013989
1765872000000,-0.00026769
1765886400008,-0.00057004
1765900800002,-0.00019307
1765915200000,-0.00035734
1765929600004,-0.00107605
1765944000002,-0.00108223
1765958400000,-0.00053365
1765972800000,-0.00114592
1765987200000,-0.0013826
1766001600001,-0.00033705
1766016000005,-0.00141761
1766030400000,-0.00037645
1766044800007,-0.00034315
1766059200000,-0.00073235
1766073600001,-0.00076153
1766088000000,-0.0015714
1766102400000,-0.00107545
1766116800000,-0.00028796
1766131200001,-0.00062809
1766145600000,-0.00050015
1766160000000,-0.00039693
1766174400000,-8.33e-05
1766188800005,-0.00044385
1766203200001,-0.00073548
1766217600000,-0.00132552
1766232000000,-0.00027355
1766246400002,-0.0008524
1766260800009,-0.00057908
1766275200000,-0.0006988
1766289600003,-0.00019574
1766304000009,-0.00044046
1766318400000,-0.00047483
1766332800000,-0.00089335
1766347200009,-0.0002493
1766361600000,-0.00030064
1766376000000,-0.00014932
1766390400005,-0.0003629
1766404800002,-0.00064005
1766419200009,-0.00136105
1766433600001,-0.00100624
1766448000000,-0.00106022
1766462400000,-0.00197654
1766476800000,-0.00162556
1766491200000,-0.00067631
1766505600001,-0.0008453
1766520000005,-0.00041692
1766534400001,-0.0006017
1766548800000,-0.00059268
1766563200001,-0.00079644
1766577600002,-0.0004824
1766592000000,-0.0009006
1766606400003,-0.00035762
1766620800000,-0.00035599
1766635200000,-0.00016691
1766649600001,-0.00056928
1766664000008,-0.00042588
1766678400005,-0.0004629
1766692800001,-0.00047897
1766707200004,-0.00080284
1766721600005,-0.00022273
1766736000001,-0.00044195
1766750400000,-0.00050841
1766764800007,-0.00024878
1766779200000,4.03e-06
1766793600000,-0.00016584
1766808000000,-0.00056921
1766822400000,-0.00024716
1766836800000,-0.00010598
1766851200011,-9.877e-05
1766865600003,-0.00043855
1766880000008,-0.00040285
1766894400000,5e-05
1766908800000,-6.538e-05
1766923200010,-0.00016258
1766937600000,-0.00019961
1766952000002,-0.00074809
1766966400016,-0.0009324
1766980800000,1.5e-06
1766995200001,-0.00028379
1767009600001,-0.0001956
1767024000000,-0.00047394
1767038400000,-0.00026364
1767052800005,-0.00016553
1767067200012,-0.00035866
1767081600001,-0.00050594
1767096000000,-0.00032179
1767110400003,-0.00018654
1767124800001,-0.00014564
1767139200004,-2.45e-05
1767153600008,-0.0002118
1767168000001,4.65e-06
1767182400007,-0.00012771
1767196800001,-2.964e-05
1767211200009,-0.00012734
1767225600008,-0.0003277
1767240000000,-4.407e-05
1767254400002,-5.885e-05
1767268800007,-1.816e-05
1767283200001,5e-05
1767297600005,1.891e-05
1767312000006,5e-05
1767326400000,-4.114e-05
1767340800007,5e-05
1767355200000,-1.949e-05
1767369600000,5e-05
1767384000000,5e-05
1767398400001,5e-05
1767412800000,5e-05
1767427200000,-5.8e-06
1767441600008,5e-05
1767456000000,1.611e-05
1767470400001,2.028e-05
1767484800000,-6.328e-05
1767499200000,4.581e-05
1767513600000,5e-05
1767528000001,5e-05
1767542400001,3.798e-05
1767556800002,5e-05
1767571200000,5e-05
1767585600001,1.791e-05
1767600000000,4.54e-05
1767614400000,-0.00010179
1767628800000,-0.00013508
1767643200000,5e-05
1767657600010,5e-05
1767672000000,5e-05
1767686400000,1.611e-05
1767700800000,5e-05
1767715200000,-7.898e-05
1767729600002,5e-05
1767744000001,5e-05
1767758400003,5e-05
1767772800001,5e-05
1767787200000,5e-05
1767801600001,2.796e-05
1767816000001,5e-05
1767830400001,5e-05
1767844800000,5e-05
1767859200000,5e-05
1767873600002,3.503e-05
1767888000000,4.697e-05
1767902400000,5e-05
1767916800003,5e-05
1767931200000,5e-05
1767945600000,5e-05
1767960000000,5e-05
1767974400001,2.823e-05
1767988800005,3.63e-06
1768003200000,5e-05
1768017600000,5e-05
1768032000002,5e-05
1768046400000,5e-05
1768060800001,5e-05
1768075200014,5e-05
1768089600003,5e-05
1768104000000,-5e-06
1768118400006,5e-05
1768132800000,5e-05
1768147200000,2.026e-05
1768161600002,5e-05
1768176000005,5e-05
1768190400008,5e-05
1768204800000,5e-05
1768219200000,5e-05
1768233600000,-4.526e-05
1768248000000,2.072e-05
1768262400007,5e-05
1768276800000,5e-05
1768291200009,5e-05
1768305600000,5e-05
1768320000002,5e-05
1768334400003,5e-05
1768348800000,5e-05
1768363200001,5e-05
1768377600001,5e-05
1768392000000,-7.33e-05
1768406400004,5e-05
1768420800007,1.787e-05
1768435200000,5e-05
1768449600008,4.889e-05
1768464000004,5e-05
1768478400000,5e-05
1768492800002,5e-05
1768507200000,-1.472e-05
1768521600000,-1.787e-05
1768536000000,2.409e-05
1768550400000,5e-05
1768564800001,-3.167e-05
1768579200001,-5.358e-05
1768593600003,-2.917e-05
1768608000000,4.211e-05
1768622400000,5e-05
1768636800000,5e-05
1768651200000,5e-05
1768665600002,5e-05
1768680000002,5e-05
1768694400001,5e-05
1768708800002,5e-05
1768723200000,5e-05
1768737600000,4.44e-05
1768752000000,7.08e-06
1768766400011,4.331e-05
1768780800007,-9.381e-05
1768795200002,5.15e-06
1768809600007,-7.785e-05
1768824000000,-5.195e-05
1768838400007,5e-05
1768852800000,4.849e-05
1768867200005,-5.002e-05
1768881600008,2.69e-05
1768896000001,-3.533e-05
1768910400007,-1.939e-05
1768924800009,5e-05
1768939200002,-3.186e-05
1768953600001,-3.645e-05
1768968000009,5e-05
1768982400011,5e-05
1768996800000,5e-05
1769011200011,5e-05
1769025600000,5e-05
1769040000010,-9.64e-06
1769054400011,5e-05
1769068800003,5e-05
1769083200000,5e-05
1769097600005,3.357e-05
1769112000000,5e-05
1769126400005,5e-05
1769140800000,5e-05
1769155200000,2.686e-05
1769169600002,-0.00034633
1769184000011,-0.00082565
1769198400000,-0.00026087
1769212800011,-0.00015824
1769227200008,-0.00024494
1769241600002,-0.0001822
1769256000000,-7.911e-05
1769270400001,-3.426e-05
1769284800008,-8.715e-05
1769299200002,-0.0007912
1769313600000,-0.00013116
1769328000011,-0.00517685
1769342400000,-0.00562696
1769356800005,-0.00857339
1769371200001,-0.00205837
1769385600000,-0.00242596
1769400000000,-0.00068873
1769414400003,-0.00095423
1769428800000,-0.00090099
1769443200000,-0.00117825
1769457600000,-4.43e-05
1769472000002,-0.00027263
1769486400002,-0.00278882
1769500800000,-0.00333469
1769515200006,-0.00496808
1769529600000,-0.00499
1769544000000,-0.00155104
1769558400000,-0.00162902
1769572800008,-0.00079189
1769587200000,-0.00168539
1769601600005,-0.00334662
1769616000000,-0.0017779
1769630400004,-0.00167257
1769644800000,-0.00202864
1769659200000,-0.00085391
1769673600009,-0.00068109
1769688000000,-0.00042998
1769702400000,-0.00093755
1769716800004,-0.00076366
1769731200008,-0.00025194
1769745600005,-0.00024114
1769760000000,-0.00018405
1769774400005,2.3e-06
1769788800001,-0.0002192
1769803200004,-0.00031371
1769817600000,-0.00043382
1769832000002,-0.00119008
1769846400001,-0.00149739
1769860800010,-0.00058301
1769875200009,-0.00059669
1769889600012,-0.00057739
1769904000001,-0.00045391
1769918400000,-0.00076691
1769932800004,-0.00032898
1769947200004,-0.00100599
1769961600000,-0.00027627
1769976000004,-0.00050906
1769990400000,-0.00051969
1770004800000,-0.00048555
1770019200014,-0.00027669
1770033600009,-0.00035147
1770048000000,-0.00029752
1770062400000,-0.00073303
1770076800000,-0.00079304
1770091200001,-0.00784956
1770105600007,-0.003298
1770120000006,-0.0014812
1770134400000,-0.00197165
1770148800009,-0.00121466
1770163200002,-0.00109234
1770177600004,-0.00610103
1770192000007,-0.00357763
1770206400010,-0.00299534
1770220800000,-0.00148739
1770235200001,-0.00250488
1770249600011,-0.00269569
1770264000001,-0.00226421
1770278400000,-0.00113283
1770292800006,-0.00235026
1770307200007,-0.00096759
1770321600000,-0.00057506
1770336000000,-0.00124672
1770350400001,-0.00070338
1770364800001,-0.00077187
1770379200003,-0.00021544
1770393600000,-6.127e-05
1770408000005,-5.387e-05
1770422400003,-0.00018233
1770436800024,-0.00023307
1770451200000,-0.00027365
1770465600007,-0.00014795
1770480000010,-7.769e-05
1770494400000,-0.00029127
1770508800003,-0.00066439
1770523200002,-0.0004172
1770537600000,-0.00034023
1770552000005,-7.422e-05
1770566400000,-6.587e-05
1770580800000,-9.436e-05
1770595200002,-0.00022895
1770609600012,-4.148e-05
1770624000001,-0.00014112
1770638400003,-0.00062766
1770652800007,-0.00042184
1770667200006,-0.00038611
1770681600000,-0.00078163
1770696000000,-0.00261101
1770710400007,-0.00223754
1770724800000,-0.00082572
1770739200000,-0.00118584
1770753600007,-0.00090559
1770768000000,-0.00073431
1770782400000,-0.00041129
1770796800006,-0.00060149
1770811200000,-0.00077737
1770825600000,-0.00053399
1770840000003,-0.00029126
1770854400000,-0.00046245
1770868800000,-0.00060349
1770883200001,-0.00014458
1770897600002,-5.135e-05
1770912000001,-5.758e-05
1770926400006,4.274e-05
1770940800007,1.5e-05
1770955200000,1.459e-05
1770969600003,-5.22e-06
1770984000000,-0.00021944
1770998400005,-9.73e-05
1771012800006,-0.00016105
1771027200002,-0.00011139
1771041600007,-0.00039446
1771056000004,-8.293e-05
1771070400000,-3.895e-05
1771084800002,-0.0001832
1771099200000,-1.959e-05
1771113600000,-0.00011587
1771128000000,-0.00053989
1771142400002,-0.00183878
1771156800005,-0.00020382
1771171200000,-0.00012315
1771185600009,-0.00036887
1771200000001,-7.092e-05
1771214400004,-0.00021156
1771228800003,-9.64e-05
1771243200000,-0.00016222
1771257600000,-0.00013904
1771272000009,-0.0002755
1771286400008,-0.00023134
1771300800003,-0.00020557
1771315200001,-6.353e-05
1771329600000,-0.00012288
1771344000002,-0.00010197
1771358400002,-0.00010978
1771372800000,-0.00021963
1771387200000,-0.00023414
1771401600000,-0.00028411
1771416000007,-0.00027742
1771430400011,-0.00018542
1771444800004,-0.00017737
1771459200013,-0.00013207
1771473600003,-0.00010403
1771488000000,-0.0001974
1771502400011,-5.35e-05
1771516800003,-9.398e-05
1771531200000,-0.00018614
1771545600000,-1.754e-05
1771560000003,-4.67e-05
1771574400000,-0.00013405
1771588800000,-3.987e-05
1771603200000,-7.864e-05
1771617600000,-0.00015349
1771632000004,-8.8e-07
1771646400000,-0.0001327
1771660800000,-0.00017473
1771675200013,-0.00010404
1771689600005,-0.00022249
1771704000000,-7.764e-05
1771718400001,-0.0001456
1771732800008,-0.00069491
1771747200004,-0.00029482
1771761600008,-0.00028414
1771776000000,-7.784e-05
1771790400000,-5.686e-05
1771804800001,-0.0001606
1771819200000,-0.00029225
1771833600000,-0.00015264
1771848000003,-3.387e-05
1771862400000,-0.0001534
1771876800000,-7.501e-05
1771891200007,-9.203e-05
1771905600000,-0.00014411
1771920000000,-0.00012423
1771934400000,-0.00014179
1771948800001,-0.00023904
1771963200002,-3.839e-05
1771977600001,-0.0001858
1771992000000,-0.00011023
1772006400007,-2.125e-05
1772020800000,-0.0121438
1772035200000,-0.00707139
1772049600006,-0.00250144
1772064000000,-0.00135146
1772078400000,-0.00138004
1772092800006,-0.00168998
1772107200004,-0.00301888
1772121600002,-0.00173974
1772136000001,-0.00045925
1772150400007,-0.00061913
1772164800000,-0.00058871
1772179200000,-0.0007076
1772193600000,-0.00069442
1772208000001,-0.00061049
1772222400007,-0.0011284
1772236800000,-0.00136177
1772251200002,-0.00121417
1772265600000,-0.00055799
1772280000001,-0.00050703
1772294400004,-0.00134062
1772308800000,-0.00036213
1772323200005,-0.00078286
1772337600000,-0.00031253
1772352000000,-0.00020599
1772366400000,-0.0004129
1772380800002,-0.00086317
1772395200001,-0.00033296
1772409600001,-0.00073472
1772424000001,-0.00062627
1772438400007,-0.00023183
1772452800002,-0.0003774
1772467200000,-0.00033346
1772481600000,-0.00028166
1772496000000,-0.0001838
1772510400009,-0.00012965
1772524800000,-0.00011054
1772539200017,-7.375e-05
1772553600007,-0.00020113
1772568000000,-0.00034508
1772582400001,-0.00029464
1772596800000,-0.00023787
1772611200005,-0.00023666
1772625600008,-0.00019837
1772640000000,-1.124e-05
1772654400000,-2.51e-05
1772668800000,-7.22e-05
1772683200000,-2.363e-05
1772697600000,-0.00018816
1772712000000,-8.88e-06
1772726400004,-0.0001847
1772740800000,-0.00010518
1772755200001,-1.745e-05
1772769600003,-6.469e-05
1772784000001,-2.502e-05
1772798400005,-0.00055889
1772812800004,-0.00042665
1772827200010,-0.00042505
1772841600001,-0.00025253
1772856000006,-0.00043756
1772870400012,-0.00043978
1772884800000,-0.00019397
1772899200001,-0.00020643
1772913600000,-8.916e-05
1772928000001,-0.00028875
1772942400010,-0.00026914
1772956800000,-0.00018139
1772971200002,-0.00026708
1772985600002,-0.00026536
1773000000000,-4.156e-05
1773014400000,-8.897e-05
1773028800006,-0.0001796
1773043200004,-8.38e-05
1773057600001,-5.085e-05
1773072000003,-6.246e-05
1773086400000,-5.484e-05
1773100800012,-0.00016298
1773115200000,-0.0001054
1773129600002,-0.00012438
1773144000004,-0.00011196
1773158400001,-0.00013716
1773172800004,-3.536e-05
1773187200000,-9.971e-05
1773201600000,-3.137e-05
1773216000007,-0.00012504
1773230400003,6.6e-06
1773244800010,-2.233e-05
1773259200004,-9.061e-05
1773273600000,-8.599e-05
1773288000001,-0.00035729
1773302400000,-0.00010958
1773316800006,-0.00022551
1773331200000,-2.574e-05
1773345600006,-0.00013422
1773360000006,-0.00011059
1773374400005,7.46e-06
1773388800001,-4.71e-05
1773403200003,-1.335e-05
1773417600000,5e-05
1773432000000,5e-05
1773446400001,5e-05
1773460800002,5e-05
1773475200000,3.378e-05
1773489600000,5e-05
1773504000007,5e-05
1773518400000,3.68e-05
1773532800000,5e-05
1773547200000,5e-05
1773561600000,2.69e-05
1773576000002,5e-05
1773590400000,1.355e-05
1773604800000,5e-05
1773619200000,5e-05
1773633600006,5e-05
1773648000010,5e-05
1773662400002,-2.173e-05
1773676800000,8.16e-06
1773691200001,2.778e-05
1773705600000,-2.965e-05
1773720000008,-5.46e-06
1773734400002,5e-05
1773748800012,-0.0001559
1773763200011,5e-05
1773777600000,4.074e-05
1773792000002,-3.904e-05
1773806400000,-9.154e-05
1773820800002,-8.439e-05
1773835200001,-0.00018641
1773849600005,4.93e-06
1773864000008,-2.671e-05
1773878400000,-1.673e-05
1773892800000,2.212e-05
1773907200003,2.674e-05
1773921600002,-2.89e-06
1773936000003,5e-05
1773950400000,5e-05
1773964800002,3.251e-05
1773979200008,-2.369e-05
1773993600000,4.382e-05
1774008000000,3.158e-05
1774022400000,-5.69e-06
1774036800007,7.66e-06
1774051200000,-2.302e-05
1774065600002,-0.00011894
1774080000000,5e-05
1774094400003,-9.886e-05
1774108800014,5.08e-06
1774123200000,2.892e-05
1774137600012,-6.864e-05
1774152000003,-7.436e-05
1774166400007,-1.815e-05
1774180800000,-6.538e-05
1774195200002,-6.36e-05
1774209600000,-9.243e-05
1774224000000,-3.099e-05
1774238400000,5e-05
1774252800003,4.84e-06
1774267200000,1.084e-05
1774281600002,-1.671e-05
1774296000000,5e-05
1774310400000,5e-05
1774324800001,5e-05
1774339200000,5e-05
1774353600000,5e-05
1774368000003,5e-05
1774382400000,5e-05
1774396800000,5e-05
1774411200000,-0.00102237
1774425600000,-0.00102949
1774440000005,-0.0004088
1774454400013,-4.162e-05
1774468800001,-0.00045017
1774483200001,-0.00030127
1774497600002,-0.0002681
1774512000001,-3.708e-05
1774526400000,-0.00024791
1774540800000,-0.00015533
1774555200003,-0.00014195
1774569600006,-0.0003415
1774584000001,-4.773e-05
1774598400000,-4.618e-05
1774612800002,-7.572e-05
1774627200000,-5.042e-05
1774641600000,-2.903e-05
1774656000005,-0.00016965
1774670400003,5e-05
1774684800005,-5.487e-05
1774699200006,-2.546e-05
1774713600000,1.23e-06
1774728000003,5e-05
1774742400003,-3.271e-05
1774756800000,5e-05
1774771200001,7.04e-06
1774785600000,3.795e-05
1774800000000,1.444e-05
1774814400000,5e-05
1774828800000,5e-05
1774843200012,5e-05
1774857600005,5e-05
1774872000005,5e-05
1774886400000,-3.6e-05
1774900800000,9.19e-06
1774915200000,-4.844e-05
1774929600000,-0.00010134
1774944000000,-5.07e-06
1774958400001,-3.2e-07
1774972800000,-0.0001168
1774987200002,-3.16e-05
1775001600000,-0.00010396
1775016000004,-1.028e-05
1775030400000,-0.00010073
1775044800000,-8.34e-06
1775059200000,2.042e-05
1775073600000,1.695e-05
1775088000003,3.3e-05
1775102400003,7.09e-06
1775116800001,5e-05
1775131200003,1.88e-06
1775145600001,2.711e-05
1775160000003,-4.483e-05
1775174400000,-1.718e-05
1775188800000,5e-05
1775203200008,5e-05
1775217600006,5e-05
1775232000008,3.143e-05
1775246400001,4.796e-05
1775260800000,5e-05
1775275200001,2.442e-05
1775289600003,5e-05
1775304000000,3.071e-05
1775318400000,-2.435e-05
1775332800000,-5.62e-06
1775347200008,-2.903e-05
1775361600002,-5.89e-05
1775376000000,-6.275e-05
1775390400003,-0.00016596
1775404800001,-0.00015933
1775419200003,-0.00013569
1775433600004,-8.72e-05
1775448000005,-0.0005135
1775462400001,-6.783e-05
1775476800002,-0.0075006
1775491200003,-0.00162759
1775505600000,-0.00036099
1775520000000,-0.00079873
1775534400003,-0.00025441
1775548800000,-0.00064967
1775563200008,-0.00015621
1775577600000,-9.337e-05
1775592000000,-0.00012696
1775606400000,2.253e-05
1775620800002,-0.0001222
1775635200000,-3.617e-05
1775649600013,-2.731e-05
1775664000006,-5.668e-05
1775678400005,-8.372e-05
1775692800000,1.49e-06
1775707200005,5e-05
1775721600010,3.763e-05
1775736000001,-8.852e-05
1775750400001,-9.957e-05
1775764800001,-4.273e-05
1775779200000,3.866e-05
1775793600000,2.363e-05
1775808000005,-4.918e-05
1775822400000,5e-05
1775836800000,-2.635e-05
1775851200002,-2.729e-05
1775865600000,2.991e-05
1775880000009,-9.13e-06
1775894400000,-2.94e-06
1775908800002,4.196e-05
1775923200003,2.324e-05
1775937600001,1.565e-05
1775952000000,1.022e-05
1775966400000,-2.112e-05
1775980800000,5e-05
1775995200000,1.257e-05
1776009600000,-2.836e-05
1776024000013,-2.323e-05
1776038400011,2.999e-05
1776052800003,-8.551e-05
1776067200006,-4.218e-05
1776081600010,-5.108e-05
1776096000000,3.111e-05
1776110400000,5e-05
1776124800005,5e-05
1776139200000,5e-05
1776153600003,5e-05
1776168000000,5e-05
1776182400001,5e-05
1776196800009,5e-05
1776211200000,5e-05
1776225600000,5e-05
1776240000000,5e-05
1776254400000,5e-05
1776268800000,5e-05
1776283200009,5e-05
1776297600013,5e-05
1776312000008,-0.00013945
1776326400000,-0.00946308
1776340800004,-0.01060386
1776355200000,-0.00516877
1776369600000,-0.00144369
1776384000001,-0.0088237
1776398400003,-0.00310288
1776412800011,-0.00169514
1776427200003,-0.00045498
1776441600001,-0.00042557
1776456000005,-0.0003428
1776470400001,-0.00091966
1776484800003,-0.0040595
1776499200006,-0.00140517
1776513600000,-0.00390244
1776528000000,-0.00138114
1776542400002,-0.00038479
1776556800002,-0.00115828
1776571200000,-0.00089012
1776585600010,-0.00042972
1776600000003,-0.00034396
1776614400001,-0.00038627
1776628800005,-0.00061582
1776643200000,-0.00047849
1776657600001,-0.00016714
1776672000000,-3.741e-05
1776686400009,-4.222e-05
1776700800001,-7.754e-05
1776715200000,-0.00012976
1776729600000,-0.00029982
1776744000000,-0.00429264
1776758400004,-0.00144494
1776772800000,-0.00062646
1776787200004,-0.00051493
1776801600003,-0.00044259
1776816000004,-0.00069549
1776830400003,-0.00124952
1776844800000,-0.00088268
1776859200000,-0.00056956
1776873600000,-0.0005406
1776888000003,-0.00015595
1776902400000,-0.00013731
1776916800000,-0.00242235
1776931200000,-0.00096177
1776945600000,-0.00311091
1776960000004,-0.00134672
1776974400006,-0.001319
1776988800006,-0.00111596
1777003200000,-0.00052575
1777017600000,-0.0007386
1777032000002,-0.00018448
1777046400000,-0.00024748
1777060800003,-4.436e-05
1777075200000,-7.281e-05
1777089600005,-4.507e-05
1777104000002,-0.00013815
1777118400001,-4.724e-05
1777132800002,-2.182e-05
1777147200001,-1.13e-05
1777161600003,-9.978e-05
1777176000001,5e-05
1777190400007,-3.823e-05
1777204800001,-0.00014551
1777219200004,2.089e-05
1777233600014,-0.00010972
1777248000004,-6.688e-05
1777262400000,-0.00014245
1777276800000,2.055e-05
1777291200004,4.229e-05
1777305600002,5e-05
1777320000000,4.024e-05
1777334400001,-5.048e-05
1777348800006,-1.056e-05
1777363200000,-2.865e-05
1777377600000,4.473e-05
1777392000004,1.972e-05
1777406400001,-2.644e-05
1777420800006,-0.00017253
1777435200003,-6.442e-05
1777449600011,-0.00121509
1777464000000,-0.0012236
1777478400003,-0.00080547
1777492800004,-0.00014522
1777507200002,-0.0008874
1777521600000,-1.551e-05
1777536000000,-3.203e-05
1777550400000,-0.00056205
1777564800000,-0.00016513
1777579200002,-0.00010026
1777593600000,-0.00036916
1777608000003,-0.00057005
1777622400005,-0.00019613
1777636800000,-0.00160687
1777651200000,-0.00055128
1777665600009,-0.00089347
1777680000006,-0.00078896
1777694400000,-0.00018851
1777708800000,5e-05
1777723200009,-8.607e-05
1777737600010,-0.00051426
1777752000000,2.47e-06
1777766400005,2.285e-05
1777780800014,8.3e-07
1777795200003,-0.00245633
1777809600004,-0.00060162
1777824000000,-0.0004344
1777838400000,-0.00016485
1777852800000,-7.977e-05
1777867200003,-0.00195349
1777881600000,-0.00096314
1777896000000,-0.00143565
1777910400003,-0.00156243
1777924800007,-0.0004098
1777939200000,-0.00049615
1777953600000,-0.00077166
1777968000011,-0.00014765
1777982400006,-0.00036164
1777996800000,-0.00057081
1778011200000,-0.00018042
1778025600010,-0.00015896
1778040000000,-6.197e-05
1778054400000,-0.00016337
1778068800000,-0.00022452
1778083200002,-0.00019996
1778097600000,-0.00012811
1778112000000,-0.00019763
1778126400001,-0.00013069
1778140800000,-3.336e-05
1778155200000,-4.62e-06
1778169600004,-4.989e-05
1778184000005,-1.345e-05
1778198400003,5e-05
1778212800000,-2.648e-05
1778227200002,-0.00012171
1778241600000,-0.00018755
1778256000003,-0.00022086
1778270400000,-0.00030732
1778284800000,5e-05
1778299200000,-0.00024836
1778313600001,-0.00015857
1778328000000,1.443e-05
1778342400002,-0.00017642
1778356800000,-8.347e-05
1778371200003,-0.0001395
1778385600005,3.676e-05
1778400000000,-8.47e-06
1778414400007,-2.26e-05
1778428800000,5e-05
1778443200002,4.086e-05
1778457600000,5e-05
1778472000000,-3.2e-06
1778486400000,2.151e-05
1778500800001,-1.133e-05
1778515200000,5e-05
1778529600014,5e-05
1778544000002,5e-05
1778558400000,5e-05
1778572800008,5e-05
1778587200003,-2.447e-05
1778601600000,5e-05
1778616000000,5e-05
1778630400010,5e-05
1778644800003,5e-05
1778659200003,3.292e-05
1778673600004,5e-05
1778688000001,-2.077e-05
1778702400004,6.32e-06
1778716800005,5e-05
1778731200005,5e-05
1778745600000,5e-05
1778760000001,5e-05
1778774400000,5e-05
1778788800000,-3.451e-05
1778803200000,1.778e-05
1778817600006,5e-05
1778832000016,3.605e-05
1778846400001,5e-05
1778860800012,5e-05
1778875200001,5e-05
1778889600005,5e-05
1778904000000,5e-05
1778918400000,5e-05
1778932800002,5e-05
1778947200005,5e-05
1778961600000,5e-05
1778976000000,4.481e-05
1778990400012,5e-05
1779004800010,5e-05
1779019200014,5e-05
1779033600009,5e-05
1779048000002,5e-05
1779062400007,5e-05
1779076800000,5e-05
1779091200002,5e-05
1779105600001,5e-05
1779120000007,5e-05
1779134400000,5e-05
1779148800001,2.058e-05
1779163200003,-3.804e-05
1779177600001,5e-05
1779192000000,-0.0001481
1779206400009,5e-05
1779220800001,5e-05
1779235200001,-8.388e-05
1779249600001,5e-05
1779264000006,5e-05
1779278400001,5e-05
1779292800000,3.978e-05
1779307200019,2.755e-05
1779321600001,3.318e-05
1779336000000,-5.94e-05
1779350400000,5e-05
1779364800000,-4.69e-06
1779379200000,5e-05
1779393600001,5e-05
1779408000000,-0.00018241
1779422400000,5e-05
1779436800004,2.33e-05
1779451200000,-3.204e-05
1779465600001,-5.225e-05
1779480000002,-0.00014949
1779494400009,-3.797e-05
1779508800006,5e-05
1779523200001,5e-05
1779537600000,-0.00015387
1779552000003,5e-05
1779566400007,5e-05
1779580800011,5e-05
1779595200001,5e-05
1779609600008,5e-05
1779624000001,5e-05
1779638400000,5e-05
1779652800002,-1.952e-05
1779667200001,5e-05
1779681600000,4.81e-05
1779696000001,1.844e-05
1779710400008,-1.859e-05
1779724800001,5e-05
1779739200000,1.596e-05
1779753600000,5e-05
1779768000003,5e-05
1779782400003,-2.58e-06
1779796800000,5e-05
1779811200000,5e-05
1779825600000,5e-05
1779840000000,5e-05
1779854400002,5e-05
1779868800004,5e-05
1779883200007,5e-05
1779897600009,5e-05
1779912000001,5e-05
1779926400001,5e-05
1779940800000,5e-05
1779955200000,5e-05
1779969600000,5e-05
1779984000001,5e-05
1779998400005,5e-05
1780012800000,5e-05
1780027200000,5e-05
1780041600001,5e-05
1780056000001,5e-05
1780070400008,5e-05
1780084800000,5e-05
1780099200000,-7.339e-05
1780113600004,5e-05
1780128000001,6.69e-06
1780142400000,5e-05
1780156800000,5e-05
1780171200000,5e-05
1780185600000,5e-05
1780200000006,5e-05
1780214400000,5e-05
1780228800005,5e-05
1780243200004,5e-05
1780257600010,5e-05
1780272000001,5e-05
1780286400006,5e-05
1780300800001,5e-05
1780315200000,5e-05
1780329600000,5e-05
1780344000000,5e-05
1780358400000,5e-05
1780372800008,5e-05
1780387200000,5e-05
1780401600002,5e-05
1780416000000,5e-05
1780430400000,5e-05
1780444800013,5e-05
1780459200000,5e-05
1780473600000,5e-05
1780488000000,5e-05
1780502400001,5e-05
1780516800002,5e-05
1780531200009,5e-05
1780545600000,5e-05
1780560000000,5e-05
1780574400002,5e-05
1780588800003,5e-05
1780603200001,5e-05
1780617600000,5e-05
1780632000001,5e-05
1780646400004,5e-05
1780660800000,5e-05
1780675200009,5e-05
1780689600000,5e-05
1780704000000,5e-05
1780718400000,-4.6e-06
1780732800000,5e-05
1780747200002,5e-05
1780761600000,5e-05
1780776000003,5e-05
1780790400001,5e-05
1780804800000,5e-05
1780819200000,5e-05
1780833600000,5e-05
1780848000000,5e-05
1780862400000,5e-05
1780876800000,5e-05
1780891200009,5e-05
1780905600005,5e-05
1780920000001,5e-05
1780934400004,5e-05
1780948800000,5e-05
1780963200000,5e-05
1780977600003,5e-05
1780992000000,5e-05
1781006400000,5e-05
1781020800001,5e-05
1781035200000,5e-05
1781049600001,5e-05
1781064000002,5e-05
1781078400011,5e-05
1781092800002,5e-05
1781107200009,5e-05
1781121600003,5e-05
1781136000000,5e-05
1781150400000,5e-05
1781164800004,5e-05
1781179200005,5e-05
1781193600000,5e-05
1781208000014,5e-05
1781222400000,5e-05
1781236800000,5e-05
1781251200000,5e-05
1781265600000,5e-05
1781280000000,1.101e-05
1781294400000,5e-05
1781308800000,3.005e-05
1781323200000,-0.00134849
1781337600007,-0.00411446
1781352000004,-0.00222071
1781366400002,-0.00091982
1781380800004,-0.00271511
1781395200005,-0.00213204
1781409600012,-0.0008428
1781424000009,-0.00028946
1781438400000,-0.00037967
1781452800000,-0.00018664
1781467200010,-0.00012595
1781481600013,-4.657e-05
1781496000001,-8.9e-06
1781510400013,-0.00013245
1781524800000,-1.357e-05
1781539200004,-0.00023625
1781553600002,-0.00010682
1781568000000,-0.00034527
1781582400000,5e-05
1781596800000,-8.23e-06
1781611200000,-2.066e-05
1781625600001,-0.00013744
1781640000000,2.96e-06
1781654400012,1.972e-05
1781668800000,-6.328e-05
1781683200000,3.696e-05
1781697600000,-0.00012025
1781712000000,5e-05
1781726400000,5e-05
1781740800002,5e-05
1781755200000,-8.6e-06
1781769600000,5e-05
1781784000004,-1.877e-05
1781798400001,-8.6e-06
1781812800000,5e-05
1781827200005,-3.159e-05
1781841600000,5e-05
1781856000001,1.004e-05
1781870400000,1.018e-05
1781884800001,5e-05
1781899200000,5e-05
1781913600001,5e-05
1781928000000,5e-05
1781942400000,5e-05
1781956800001,5e-05
1781971200001,5e-05
1781985600000,5e-05
1782000000000,5e-05
1782014400000,5e-05
1782028800000,5e-05
1782043200001,5e-05
1782057600000,5e-05
1782072000004,-6.286e-05
1782086400000,5e-05
1782100800000,5e-05
1782115200000,5e-05
1782129600000,5e-05
1782144000002,5e-05
1782158400000,5e-05
1782172800003,5e-05
1782187200000,5e-05
1782201600005,5e-05
1782216000000,5e-05
1782230400002,5e-05
1782244800000,5e-05
1782259200005,5e-05
1782288000005,5e-05
1782302400005,5e-05
1782316800003,5e-05
1782331200006,5e-05
1782345600000,5e-05
1782360000008,5e-05
1782374400000,5e-05
1782388800006,5e-05
1782403200000,2.049e-05
1782417600011,1.026e-05
1782432000010,5e-05
1782446400001,5e-05
1782460800002,5e-05
1782475200004,5e-05
1782489600000,5e-05
1782504000000,5e-05
1782518400000,5e-05
1782532800000,5e-05
1782547200000,5e-05
1782561600001,5e-05
1782576000009,5e-05
1782590400000,1.172e-05
1782604800000,5e-05
1782619200002,5e-05
1782633600013,5e-05
1782648000008,5e-05
1782662400000,5e-05
1782676800003,2.307e-05
1782691200006,5e-05
1782705600000,5e-05
1782720000013,5e-05
1782734400001,2.341e-05
1782748800004,5e-05
1782763200000,5e-05
1782777600000,5e-05
1782792000000,-5.998e-05
1782806400000,5e-05
1782820800002,-4.4e-07
1782835200005,5e-05
1782849600003,5e-05
1782864000000,5e-05
1782878400001,5e-05
1782892800000,5e-05
1782907200000,5e-05
1782921600000,5e-05
1782936000000,-4.655e-05
1782950400000,5e-05
1782964800003,5e-05
1782979200000,5e-05
1782993600005,5e-05
1783008000000,5e-05
1783022400008,5e-05
1783036800000,5e-05
1783051200000,5e-05
1783065600007,5e-05
1783080000002,5e-05
1783094400000,5e-05
1783108800001,5e-05
1783123200000,5e-05
1783137600006,5e-05
1783152000000,5e-05
1783166400000,5e-05
1783180800007,5e-05
1783195200000,5e-05
1783209600003,5e-05
1783224000002,5e-05
1783238400001,5e-05
1783252800000,5e-05
1783267200000,2.601e-05
1783281600000,5e-05
1783296000000,1.309e-05
1783310400000,5e-05
1783324800000,5e-05
1783339200002,5e-05
1783353600000,5e-05
1783368000003,5e-05
1783382400000,5e-05
1783396800000,-3.771e-05
1783411200000,5e-05
1783425600010,5e-05
1783440000000,2.867e-05
1783454400000,5e-05
1783468800000,2.659e-05
1783483200003,5e-05
1783497600000,5e-05
1783512000005,1.558e-05
1783526400000,-0.00028578
1783540800006,5e-05
1783555200000,5e-05
1783569600002,5e-05
1783584000001,5e-05
1783598400002,5e-05
1783612800001,5e-05
1783627200000,5e-05
1783641600000,5e-05
1783656000000,4.746e-05
1783670400005,5e-05
1783684800002,5e-05
1783699200005,5e-05
1783713600000,5e-05
1783728000000,5e-05
1783742400000,5e-05
1783756800000,3.059e-05
1783771200008,5e-05
1783785600000,5e-05
1783800000000,5e-05
1783814400000,-2.055e-05
1783828800000,-3.08e-06
1783843200003,5e-05
1783857600000,5e-05
1783872000000,5e-05
1783886400002,5e-05
1783900800000,-0.0001553
1783915200000,4.271e-05
1783929600001,5e-05
1783944000000,-8.726e-05
1783958400004,5e-05
1783972800000,-1.556e-05
1783987200000,5e-05
1784001600000,5e-05
1784016000002,5e-05
1784030400001,2.156e-05
1784044800001,5e-05
1784059200000,4.772e-05
1784073600005,5e-05
1784088000003,-2.125e-05
1784102400002,5e-05
1784116800003,5e-05
1784131200000,5e-05
1784145600002,1.1e-07
1784160000000,5e-05
1784174400003,-0.00010566
1784188800003,-4.77e-05
1784203200001,-7.76e-06
1784217600002,5e-05
1784232000002,1.1e-06
1784246400000,3.301e-05
1784260800000,5e-05
1784275200010,2.5e-07
1784289600004,-3.499e-05
1784304000004,5e-05
1784318400000,5e-05
1784332800000,5e-05
1784347200000,5e-05
1784361600000,5e-05
1784376000002,5e-05
1784390400001,-4.215e-05
1784404800004,4.74e-06
1784419200003,5e-05
1784433600000,2.64e-05
1784448000000,1.812e-05
1784462400000,1.07e-06
1784476800001,5e-05
1784491200004,-8.098e-05
1784505600000,5e-05
1784520000000,5e-05
1784534400001,2.107e-05
1784548800000,5e-05
1784563200004,5e-05
1784577600002,5e-05
1784592000001,5e-05
1784606400000,3.886e-05
1784620800000,5e-05
1784635200000,5e-05
1784649600002,5e-05
1784664000000,5e-05
1784678400000,5e-05
1784692800008,6.4e-06
1784707200000,-1.624e-05
1784721600000,5e-05
1784736000001,5e-05
1784750400000,5e-05
1784764800000,-2.35e-06
1784779200006,5e-05
1784793600000,5e-05
1784808000000,5e-05
1784822400000,5e-05
1784836800000,5e-05
1784851200000,5e-05
1784865600001,5e-05
1784880000000,5e-05
1784894400000,-1.024e-05
1784908800008,4.2e-07
1784923200001,-0.00012715
1784937600002,-7.628e-05
1784952000000,5e-05
1784966400000,5e-05
1784980800000,5e-05
1784995200000,5e-05
1785009600003,-2.274e-05
1785024000000,3.437e-05
1785038400000,5e-05
1785052800002,5e-05
1785067200000,5e-05
1785081600000,5e-05
1785096000000,5e-05
1785110400010,5e-05
1785124800000,5e-05
1785139200000,5e-05
1785153600000,5e-05
1785168000001,2.228e-05
1785182400004,5e-05
1785196800000,-0.00016121
1785211200012,-0.00012894
1785225600000,5e-05
1785240000001,-2.386e-05
1785254400000,5e-05
1785268800000,-4.431e-05
1785283200000,1.81e-06
1785297600000,-0.00024467
1785312000002,-0.00011442
1785326400007,5e-05
1785340800000,-1.243e-05
1785355200003,7.3e-07
1785369600000,5e-05
1785384000001,5e-05
1785398400000,5e-05
1785412800000,-8.783e-05
1785427200000,5e-05
1785441600003,2.768e-05
1785456000003,4e-05
1785470400000,4.701e-05
1785484800000,5e-05
1785499200000,5e-05
1785513600000,5e-05
1785528000001,-3.132e-05
1785542400001,1.309e-05
1785556800000,5e-05
1785571200000,5e-05
1785585600000,5e-05
1785600000000,2.206e-05
1785614400000,5e-05
1785628800000,-0.00012777
1785643200000,5e-05
1785657600000,5e-05
1785672000007,5e-05
1785686400000,5e-05
1785700800002,5e-05
1785715200000,5e-05
1785729600000,5e-05
1785744000000,5e-05
1785758400000,5e-05
1785772800000,5e-05
1785787200003,5e-05
1785801600004,5e-05
1785816000002,5e-05
1785830400002,5e-05
1785844800002,-1.269e-05
1785859200000,5e-05
1785873600000,5e-05
1785888000003,5e-05
1785902400001,5e-05
1785916800004,5e-05
1785931200008,5e-05
1785945600000,5e-05
1785960000000,5e-05
1785974400002,5e-05
1785988800000,5e-05
1786003200000,5e-05
1786017600000,5e-05
1786032000000,5e-05
1786046400001,5e-05
1786060800000,5e-05
1786075200000,-6.349e-05
1786089600000,5e-05
1786104000000,5e-05
1786118400000,2.726e-05
1786132800000,1.688e-05
1786147200001,5e-05
1786161600000,5e-05
1786176000000,5e-05
1786190400001,5e-05
1786204800002,5e-05
1786219200000,5e-05
1786233600000,5e-05
1786248000000,5e-05
1786262400005,5e-05
1786276800000,5e-05
1786291200000,5e-05
1786305600000,5e-05
1786320000001,-6.072e-05
1786334400000,5e-05
1786348800005,5e-05
1786363200000,5e-05
1786377600000,4.641e-05
1786392000000,5e-05
1786406400000,-6.34e-06
1786420800000,5e-05
1786435200006,5e-05
1786449600001,1.03e-05
1786464000000,2.112e-05
1786478400003,-0.00020302
1786492800001,-0.00016133
1786507200000,5e-05
1786521600000,2.094e-05
1786536000000,5e-05
1786550400000,5e-05
1786564800001,-0.00015724
1786579200000,5e-05
1786593600000,5e-05
1786608000000,-5.156e-05
1786622400000,5e-05
1786636800000,5e-05
1786651200002,5e-05
1786665600000,5e-05
1786680000001,5e-05
1786694400001,5e-05
1786708800002,5e-05
1786723200001,5e-05
1786737600000,5e-05
1786752000003,5e-05
1786766400000,5e-05
1786780800002,5e-05
1786795200001,5e-05
1786809600000,5e-05
1786824000003,5e-05
1786838400000,-0.0002944
1786852800001,5e-05
1786867200002,5e-05
1786881600008,5e-05
1786896000000,5e-05
1786910400000,5e-05
1786924800001,4.898e-05
1786939200001,5e-05
1786953600003,5e-05
1786968000002,5e-05
1786982400005,5e-05
1786996800000,2.28e-05
1787011200006,2.523e-05
1787025600001,-0.0001587
1787040000001,5e-05
1787054400000,5e-05
1787068800003,5e-05
1787083200008,5e-05
1787097600000,5e-05
1787112000001,5e-05
1787126400000,5e-05
1787140800000,5e-05
1787155200004,5e-05
1787169600009,3.983e-05
1787184000001,2.808e-05
1787198400011,5e-05
1787212800000,5e-05
1787227200002,5e-05
1787241600005,5e-05
1787256000001,5e-05
1787270400004,5e-05
1787284800000,5e-05
1787299200000,5e-05
1787313600000,5e-05
1787328000001,5e-05
1787342400000,5e-05
1787356800000,5e-05
1787371200004,5e-05
1787385600000,5e-05
1787400000002,5e-05
1787414400000,5e-05
1787428800001,5e-05
1787443200000,5e-05
1787457600004,5e-05
1787472000000,5e-05
1787486400002,5e-05
1787500800006,5e-05
1787515200000,5e-05
1787529600001,5e-05
1787544000000,5e-05
1787558400002,5e-05
1787572800000,5e-05
1787587200000,5e-05
1787601600000,5e-05
1787616000001,5e-05
1787630400001,5e-05
1787644800000,5e-05
1787659200001,5e-05
1787673600005,5e-05
1787688000000,5e-05
1787702400000,5e-05
1787716800000,5e-05
1787731200005,5e-05
1787745600000,5e-05
1787760000000,5e-05
1787774400000,5e-05
1787788800000,5e-05
1787803200000,5e-05
1787817600000,5e-05
1787832000000,5e-05
1787846400013,5e-05
1787860800000,5e-05
1787875200026,5e-05
1787889600008,5e-05
1787904000000,5e-05
1787918400004,5e-05
