======================================================================
Phase T5 -- MeanReversionRSI Portfolio Filter
Config: rsi14/os25/time_exit=20/atr3/no_filter/1D (Variant E)
======================================================================

     cap max_conc  accepted  accept_pct  rejected  win_rate  avg_r  total_r   pf  max_dd_r gate
uncapped     none       248       100.0         0    0.6169 0.3086    76.54 2.81      9.89 PASS
    max5        5       124        50.0       124    0.5565 0.2180    27.03 1.94      6.73 PASS
   max10       10       183        73.8        65    0.5738 0.2853    52.21 2.37      8.04 PASS
   max15       15       219        88.3        29    0.5890 0.3008    65.87 2.59      9.89 PASS
   max20       20       235        94.8        13    0.6000 0.3054    71.77 2.70      9.89 PASS

Year-by-year per cap:

uncapped:
 year  n  win_rate    avg_r       pf  max_dd_r  total_r
 2021  9  0.555556 0.130067 1.667465    1.7538   1.1706
 2022 60  0.583333 0.376625 3.345550    5.1570  22.5975
 2023 51  0.568627 0.343841 2.556229    6.2086  17.5359
 2024 51  0.823529 0.485182 5.725712    3.5093  24.7443
 2025 40  0.525000 0.253727 2.893807    2.7782  10.1491
 2026 37  0.567568 0.009322 1.038423    7.7840   0.3449

max5:
 year  n  win_rate     avg_r       pf  max_dd_r  total_r
 2021  9  0.555556  0.130067 1.667465    1.7538   1.1706
 2022 26  0.384615  0.114731 1.416393    4.9759   2.9830
 2023 25  0.560000  0.295292 1.858078    6.7318   7.3823
 2024 24  0.750000  0.274558 2.588343    3.3446   6.5894
 2025 31  0.580645  0.331319 3.435594    2.6967  10.2709
 2026  9  0.444444 -0.151533 0.533967    2.2847  -1.3638

max10:
 year  n  win_rate     avg_r       pf  max_dd_r  total_r
 2021  9  0.555556  0.130067 1.667465    1.7538   1.1706
 2022 45  0.533333  0.431858 3.119929    6.1861  19.4336
 2023 36  0.583333  0.383917 2.454092    6.2086  13.8210
 2024 39  0.769231  0.336077 3.503199    3.5093  13.1070
 2025 40  0.525000  0.253727 2.893807    2.7782  10.1491
 2026 14  0.285714 -0.391021 0.222058    6.3952  -5.4743

max15:
 year  n  win_rate     avg_r       pf  max_dd_r  total_r
 2021  9  0.555556  0.130067 1.667465    1.7538   1.1706
 2022 57  0.578947  0.386926 3.304962    5.7024  22.0548
 2023 46  0.565217  0.374528 2.625204    6.2086  17.2283
 2024 48  0.812500  0.459967 5.216573    3.5093  22.0784
 2025 40  0.525000  0.253727 2.893807    2.7782  10.1491
 2026 19  0.263158 -0.358458 0.233150    8.2397  -6.8107

max20:
 year  n  win_rate     avg_r       pf  max_dd_r  total_r
 2021  9  0.555556  0.130067 1.667465    1.7538   1.1706
 2022 60  0.583333  0.376625 3.345550    5.1597  22.5975
 2023 51  0.568627  0.343841 2.556229    6.2086  17.5359
 2024 51  0.823529  0.485182 5.725712    3.5093  24.7443
 2025 40  0.525000  0.253727 2.893807    2.7782  10.1491
 2026 24  0.375000 -0.184358 0.503094    8.2397  -4.4246
